0 [228.59759521484375, 41.97038650512695],1 [243.338623046875, 50.15064239501953],
2 [258.7164306640625, 58.581390380859375],
3 [274.7893371582031, 67.60432434082031],
4 [291.5755310058594, 76.8888931274414],
5 [309.2201843261719, 86.71086120605469],
6 [327.60638427734375, 96.997802734375],
7 [347.01763916015625, 107.88162231445312],
8 [367.2746276855469, 119.30985260009766],
9 [388.46630859375, 131.32424926757812],
10 [410.638671875, 143.8954620361328],
11 [433.8522033691406, 157.14755249023438],
12 [458.2788391113281, 171.18292236328125],
13 [483.8412780761719, 185.72650146484375],
14 [227.77992248535156, 71.42997741699219],
15 [242.3792266845703, 79.96533203125],
16 [257.5975341796875, 89.21263885498047],
17 [273.6728210449219, 98.7165756225586],
18 [290.29547119140625, 108.69912719726562],
19 [307.6731262207031, 119.10446166992188],
20 [325.8984069824219, 130.11875915527344],
21 [344.96612548828125, 141.5386962890625],
22 [364.8629150390625, 153.626953125],
23 [385.7133483886719, 166.2808837890625],
24 [407.5945739746094, 179.57614135742188],
25 [430.49383544921875, 193.5511474609375],
26 [454.4635925292969, 208.2513427734375],
27 [479.49810791015625, 223.6593475341797],
28 [227.16612243652344, 100.33517456054688],
29 [241.63925170898438, 109.65133666992188],
30 [256.7159118652344, 119.30618286132812],
31 [272.5, 129.37290954589844],
32 [289.0093994140625, 139.90687561035156],
33 [306.1549072265625, 150.9436492919922],
34 [324.15753173828125, 162.4934539794922],
35 [342.9265441894531, 174.6222381591797],
36 [362.5298156738281, 187.23117065429688],
37 [383.1319274902344, 200.5751495361328],
38 [404.6377868652344, 214.4586639404297],
39 [427.1760559082031, 229.11476135253906],
40 [450.65704345703125, 244.4620819091797],
41 [475.32269287109375, 260.5089111328125],
42 [226.52682495117188, 128.97671508789062],
43 [240.82289123535156, 138.623291015625],
44 [255.72128295898438, 148.84255981445312],
45 [271.3763427734375, 159.43341064453125],
46 [287.63409423828125, 170.64329528808594],
47 [304.6268615722656, 182.1090087890625],
48 [322.4234619140625, 194.2787628173828],
49 [340.93011474609375, 206.9441375732422],
50 [360.31689453125, 220.28651428222656],
51 [380.5610046386719, 233.9499969482422],
52 [401.71136474609375, 248.5635528564453],
53 [423.8102722167969, 263.71343994140625],
54 [446.9542541503906, 279.7088928222656],
55 [471.0743713378906, 296.4083557128906],
56 [225.82054138183594, 156.8168182373047],
57 [240.15013122558594, 167.29815673828125],
58 [254.90122985839844, 177.84815979003906],
59 [270.402099609375, 188.96092224121094],
60 [286.4755859375, 200.5486602783203],
61 [303.3091735839844, 212.7550506591797],
62 [320.75634765625, 225.3579559326172],
63 [339.1065673828125, 238.57711791992188],
64 [358.155517578125, 252.33157348632812],
65 [378.0559997558594, 266.6935119628906],
66 [398.865966796875, 281.7272644042969],
67 [420.5621032714844, 297.44677734375],
68 [443.258544921875, 313.95654296875],
69 [466.9592590332031, 331.0480041503906],
70 [225.4180145263672, 184.5428924560547],
71 [239.49510192871094, 195.10829162597656],
72 [254.12197875976562, 206.3269500732422],
73 [269.4647521972656, 217.89251708984375],
74 [285.3712158203125, 230.0079345703125],
75 [301.9824523925781, 242.53793334960938],
76 [319.22869873046875, 255.71534729003906],
77 [337.2169494628906, 269.3680419921875],
78 [355.95819091796875, 283.6169128417969],
79 [375.61114501953125, 298.4637145996094],
80 [396.13287353515625, 314.01226806640625],
81 [417.4638366699219, 330.2079162597656],
82 [439.67169189453125, 347.0668640136719],
83 [462.889404296875, 364.6417236328125],
84 [225.00384521484375, 211.44842529296875],
85 [238.92294311523438, 222.6786651611328],
86 [253.43789672851562, 234.03688049316406],
87 [268.59637451171875, 246.2456817626953],
88 [284.3824462890625, 258.6172180175781],
89 [300.67718505859375, 271.7353820800781],
90 [317.70916748046875, 285.1901550292969],
91 [335.51605224609375, 299.4422912597656],
92 [354.03564453125, 314.0614013671875],
93 [373.3340148925781, 329.3682861328125],
94 [393.4733581542969, 345.30487060546875],
95 [414.4720153808594, 361.912841796875],
96 [436.32666015625, 379.2705383300781],
97 [459.141845703125, 397.2013244628906],
98 [224.4468231201172, 237.72735595703125],
99 [238.58888244628906, 249.51583862304688],
100 [252.8164520263672, 261.4659423828125],
101 [267.8009033203125, 273.7232360839844],
102 [283.3872375488281, 286.76580810546875],
103 [299.4880676269531, 300.0279235839844],
104 [316.28875732421875, 314.0374450683594],
105 [333.84234619140625, 328.5643310546875],
106 [351.9956359863281, 343.63983154296875],
107 [371.114990234375, 359.3204650878906],
108 [390.8222351074219, 375.6512451171875],
109 [411.4905700683594, 392.6285400390625],
110 [432.9087219238281, 410.2765197753906],
111 [455.2659912109375, 428.61700439453125],
112 [224.4552001953125, 263.9836120605469],
113 [237.99819946289062, 275.6426086425781],
114 [252.3870391845703, 288.1236267089844],
115 [267.0020751953125, 300.77349853515625],
116 [282.44189453125, 314.09649658203125],
117 [298.337158203125, 327.7881774902344],
118 [314.92156982421875, 342.07568359375],
119 [332.17889404296875, 356.97564697265625],
120 [350.2137451171875, 372.3793029785156],
121 [368.847412109375, 388.43408203125],
122 [388.3621826171875, 405.072265625],
123 [408.56158447265625, 422.28424072265625],
124 [429.6855163574219, 440.3089599609375],
125 [451.45489501953125, 458.7507629394531],
126 [223.89224243164062, 288.9399108886719],
127 [237.58616638183594, 301.2840270996094],
128 [251.62509155273438, 313.9255676269531],
129 [266.3558654785156, 327.171875],
130 [281.46173095703125, 340.6805419921875],
131 [297.2298278808594, 354.6495666503906],
132 [313.55499267578125, 369.3039855957031],
133 [330.59002685546875, 384.4263000488281],
134 [348.29949951171875, 400.1557922363281],
135 [366.6745910644531, 416.445068359375],
136 [385.8096923828125, 433.4337463378906],
137 [405.6495666503906, 450.9429016113281],
138 [426.3676452636719, 469.15826416015625],
139 [447.7022705078125, 487.928466796875],
