0 [116.53732299804688, 95.31061553955078],1 [147.33872985839844, 97.25255584716797],
2 [178.7910919189453, 99.27197265625],
3 [210.8603973388672, 101.45146942138672],
4 [243.59962463378906, 103.66011810302734],
5 [276.6297607421875, 106.05723571777344],
6 [310.4497985839844, 108.5526123046875],
7 [344.6602783203125, 111.06877899169922],
8 [379.296630859375, 113.88493347167969],
9 [414.4012451171875, 116.810791015625],
10 [449.62335205078125, 119.82807159423828],
11 [485.34112548828125, 122.92201232910156],
12 [521.0364990234375, 126.27525329589844],
13 [556.8367919921875, 129.64999389648438],
14 [117.7989273071289, 127.96099853515625],
15 [148.37815856933594, 130.08489990234375],
16 [179.63436889648438, 132.39938354492188],
17 [211.4056854248047, 134.6963653564453],
18 [243.74203491210938, 137.2347412109375],
19 [276.6308288574219, 139.8169708251953],
20 [310.08367919921875, 142.58543395996094],
21 [343.97845458984375, 145.33993530273438],
22 [378.31134033203125, 148.31687927246094],
23 [412.91119384765625, 151.36448669433594],
24 [447.9324035644531, 154.47097778320312],
25 [483.2042236328125, 157.66746520996094],
26 [518.5875854492188, 160.96437072753906],
27 [553.9769287109375, 164.54254150390625],
28 [119.27113342285156, 160.00746154785156],
29 [149.54164123535156, 162.53062438964844],
30 [180.49139404296875, 164.9734344482422],
31 [212.0685272216797, 167.64715576171875],
32 [244.06207275390625, 170.33541870117188],
33 [276.6944580078125, 173.1293487548828],
34 [309.70477294921875, 176.08328247070312],
35 [343.3362731933594, 179.08547973632812],
36 [377.20263671875, 182.08636474609375],
37 [411.6514587402344, 185.21107482910156],
38 [446.2107849121094, 188.60467529296875],
39 [481.1383056640625, 191.95326232910156],
40 [516.05712890625, 195.39279174804688],
41 [551.11083984375, 198.83029174804688],
42 [120.71673583984375, 191.7110137939453],
43 [150.7305908203125, 194.40248107910156],
44 [181.42922973632812, 197.17820739746094],
45 [212.5609893798828, 199.945068359375],
46 [244.45977783203125, 202.8951873779297],
47 [276.643798828125, 205.84060668945312],
48 [309.45648193359375, 209.0423126220703],
49 [342.59820556640625, 212.05752563476562],
50 [376.25994873046875, 215.50466918945312],
51 [410.150390625, 218.7996063232422],
52 [444.48797607421875, 222.11289978027344],
53 [478.8949890136719, 225.5],
54 [513.5709228515625, 228.98501586914062],
55 [548.1387329101562, 232.6288299560547],
56 [122.29165649414062, 222.70042419433594],
57 [152.08184814453125, 225.7288360595703],
58 [182.41259765625, 228.64637756347656],
59 [213.3019256591797, 231.75038146972656],
60 [244.73121643066406, 234.8030242919922],
61 [276.7296447753906, 238.12020874023438],
62 [309.11895751953125, 241.31455993652344],
63 [341.89678955078125, 244.7499542236328],
64 [375.24072265625, 247.98377990722656],
65 [408.81512451171875, 251.28855895996094],
66 [442.6019287109375, 254.94190979003906],
67 [476.6527404785156, 258.4233703613281],
68 [510.97998046875, 261.9613037109375],
69 [545.1886596679688, 265.62408447265625],
70 [123.86553192138672, 253.35189819335938],
71 [153.4607391357422, 256.3993225097656],
72 [183.44871520996094, 259.625],
73 [214.1033935546875, 262.832275390625],
74 [245.25955200195312, 266.2547912597656],
75 [276.897216796875, 269.47998046875],
76 [308.95379638671875, 272.9759826660156],
77 [341.42578125, 276.3675842285156],
78 [374.23541259765625, 280.0525817871094],
79 [407.57470703125, 283.58441162109375],
80 [441.0211486816406, 286.91448974609375],
81 [474.6131896972656, 290.65228271484375],
82 [508.4192199707031, 294.3485412597656],
83 [542.4332885742188, 297.8316345214844],
84 [125.72869110107422, 283.0969543457031],
85 [154.8183135986328, 286.54693603515625],
86 [184.6877899169922, 289.8426818847656],
87 [214.9760284423828, 293.39349365234375],
88 [245.7557830810547, 296.7581481933594],
89 [277.0587158203125, 300.4620361328125],
90 [308.7552185058594, 303.8403015136719],
91 [340.85711669921875, 307.5840148925781],
92 [373.4388427734375, 311.158935546875],
93 [406.3223571777344, 314.6962890625],
94 [439.3316650390625, 318.5024719238281],
95 [472.5289001464844, 322.1502380371094],
96 [505.9663391113281, 325.7234802246094],
97 [539.45751953125, 329.4007873535156],
98 [127.51338195800781, 312.42901611328125],
99 [156.49111938476562, 315.88330078125],
100 [185.85865783691406, 319.53802490234375],
101 [215.84588623046875, 323.0643005371094],
102 [246.37110900878906, 326.75469970703125],
103 [277.28125, 330.36102294921875],
104 [308.574462890625, 334.1964416503906],
105 [340.4346008300781, 337.74566650390625],
106 [372.4183349609375, 341.63031005859375],
107 [404.9853515625, 345.3863830566406],
108 [437.5560302734375, 348.931396484375],
109 [470.49139404296875, 352.82501220703125],
110 [503.56988525390625, 356.43804931640625],
111 [536.6458129882812, 360.1773376464844],
112 [129.35865783691406, 340.8897399902344],
113 [157.9755859375, 344.7701416015625],
114 [187.15997314453125, 348.4004211425781],
115 [216.77035522460938, 352.2151184082031],
116 [246.9581756591797, 355.9393615722656],
117 [277.52178955078125, 359.8843078613281],
118 [308.5662841796875, 363.62042236328125],
119 [339.9320373535156, 367.3773193359375],
120 [371.67376708984375, 371.2630920410156],
121 [403.6325378417969, 375.0296936035156],
122 [435.9537353515625, 378.913818359375],
123 [468.39617919921875, 382.59027099609375],
124 [501.0950927734375, 386.3752746582031],
125 [533.6549072265625, 390.1217956542969],
126 [131.355224609375, 368.9153747558594],
127 [159.55947875976562, 372.6434631347656],
128 [188.4549102783203, 376.6997375488281],
129 [217.7895965576172, 380.5167236328125],
130 [247.62405395507812, 384.4682312011719],
131 [277.8790283203125, 388.329345703125],
132 [308.4724426269531, 392.3301696777344],
133 [339.50372314453125, 396.1675720214844],
134 [370.7837829589844, 400.15325927734375],
135 [402.4881591796875, 403.9588623046875],
136 [434.3002624511719, 407.8629455566406],
137 [466.347412109375, 411.60455322265625],
138 [498.4759216308594, 415.4053039550781],
139 [530.7399291992188, 419.2731628417969],
