0 [127.1293716430664, 126.42546081542969],1 [164.4230499267578, 125.55496978759766],
2 [202.1594696044922, 124.67356872558594],
3 [240.36984252929688, 124.15018463134766],
4 [278.8558654785156, 123.4634017944336],
5 [317.7191162109375, 122.8088150024414],
6 [356.7572021484375, 122.46117401123047],
7 [395.9328918457031, 122.0177001953125],
8 [435.063232421875, 121.66149139404297],
9 [474.15478515625, 121.34657287597656],
10 [513.0911254882812, 121.14900207519531],
11 [551.6847534179688, 120.9426498413086],
12 [590.0521240234375, 120.94478607177734],
13 [627.7211303710938, 120.8680648803711],
14 [133.63978576660156, 153.17401123046875],
15 [170.03634643554688, 152.4784393310547],
16 [207.00778198242188, 151.99008178710938],
17 [244.31655883789062, 151.2971954345703],
18 [282.03704833984375, 150.7538299560547],
19 [319.8963317871094, 150.369140625],
20 [358.0577392578125, 149.8206024169922],
21 [396.2369689941406, 149.4259033203125],
22 [434.4068603515625, 149.015380859375],
23 [472.56951904296875, 148.69894409179688],
24 [510.5515441894531, 148.4918975830078],
25 [548.2681274414062, 148.46340942382812],
26 [585.5877075195312, 148.2910614013672],
27 [622.4362182617188, 148.22348022460938],
28 [139.82176208496094, 178.7675018310547],
29 [175.49493408203125, 178.460205078125],
30 [211.56854248046875, 177.962158203125],
31 [248.05215454101562, 177.462890625],
32 [284.79669189453125, 176.8444366455078],
33 [321.94677734375, 176.54356384277344],
34 [359.1233215332031, 176.25823974609375],
35 [396.419921875, 175.7769775390625],
36 [433.6553039550781, 175.4058074951172],
37 [470.917724609375, 175.02835083007812],
38 [507.90234375, 174.75222778320312],
39 [544.7886352539062, 174.52223205566406],
40 [581.3429565429688, 174.3828125],
41 [617.3236694335938, 174.21726989746094],
42 [145.9456329345703, 203.61776733398438],
43 [180.76612854003906, 203.10704040527344],
44 [216.10183715820312, 202.78411865234375],
45 [251.7387237548828, 202.44204711914062],
46 [287.7115478515625, 202.07566833496094],
47 [323.8709411621094, 201.70614624023438],
48 [360.21893310546875, 201.3248291015625],
49 [396.5673828125, 200.90139770507812],
50 [432.97784423828125, 200.61441040039062],
51 [469.3448791503906, 200.34014892578125],
52 [505.51019287109375, 200.00112915039062],
53 [541.5216674804688, 199.67138671875],
54 [577.2656860351562, 199.33660888671875],
55 [612.4187622070312, 199.00772094726562],
56 [151.70773315429688, 227.05299377441406],
57 [185.8362274169922, 226.88980102539062],
58 [220.32968139648438, 226.52859497070312],
59 [255.26483154296875, 226.3429718017578],
60 [290.4468688964844, 226.06402587890625],
61 [325.7142639160156, 225.7118377685547],
62 [361.2273864746094, 225.3358154296875],
63 [396.7262878417969, 225.00775146484375],
64 [432.2598571777344, 224.65176391601562],
65 [467.7585144042969, 224.35426330566406],
66 [503.1166687011719, 224.0423126220703],
67 [538.2922973632812, 223.5884552001953],
68 [573.1074829101562, 223.30014038085938],
69 [607.5904541015625, 222.89349365234375],
70 [157.41458129882812, 249.8126983642578],
71 [190.77078247070312, 249.5219268798828],
72 [224.5304412841797, 249.36293029785156],
73 [258.6357421875, 249.06980895996094],
74 [293.0448913574219, 248.86416625976562],
75 [327.519287109375, 248.5673370361328],
76 [362.23681640625, 248.3878936767578],
77 [396.93426513671875, 248.126953125],
78 [431.6965026855469, 247.6912841796875],
79 [466.4036865234375, 247.35865783691406],
80 [500.849365234375, 246.8805389404297],
81 [535.2367553710938, 246.61126708984375],
82 [569.3323974609375, 246.1990966796875],
83 [603.0565795898438, 245.7581787109375],
84 [162.7955322265625, 271.4285888671875],
85 [195.4523468017578, 271.31243896484375],
86 [228.5773468017578, 271.1068420410156],
87 [261.8977966308594, 270.9364318847656],
88 [295.484130859375, 270.69488525390625],
89 [329.33673095703125, 270.5424499511719],
90 [363.2099609375, 270.3438720703125],
91 [397.1024475097656, 270.04150390625],
92 [431.06396484375, 269.6792297363281],
93 [465.02386474609375, 269.32122802734375],
94 [498.7293395996094, 268.91241455078125],
95 [532.3695068359375, 268.49273681640625],
96 [565.6863403320312, 268.10052490234375],
97 [598.6861572265625, 267.5962829589844],
98 [168.0803680419922, 292.202880859375],
99 [200.1529541015625, 292.0981140136719],
100 [232.45265197753906, 292.0621643066406],
101 [265.0881042480469, 291.8461608886719],
102 [297.8940124511719, 291.69207763671875],
103 [330.9834899902344, 291.5057067871094],
104 [364.0743713378906, 291.2882995605469],
105 [397.3149719238281, 291.0460510253906],
106 [430.52618408203125, 290.67071533203125],
107 [463.6475830078125, 290.41259765625],
108 [496.6203918457031, 289.9949035644531],
109 [529.5079956054688, 289.5575256347656],
110 [562.1184692382812, 289.0491638183594],
111 [594.4606323242188, 288.5561218261719],
112 [173.19419860839844, 311.945068359375],
113 [204.4878692626953, 312.04351806640625],
114 [236.2109375, 311.8647155761719],
115 [268.1169738769531, 311.9180908203125],
116 [300.2825012207031, 311.7095031738281],
117 [332.523193359375, 311.6405029296875],
118 [364.91436767578125, 311.4246826171875],
119 [397.3857421875, 311.1492919921875],
120 [429.8557434082031, 310.8067626953125],
121 [462.2926025390625, 310.4635314941406],
122 [494.5926208496094, 310.0422058105469],
123 [526.706787109375, 309.55389404296875],
124 [558.6466064453125, 309.1396789550781],
125 [590.2932739257812, 308.5759582519531],
126 [178.00929260253906, 331.1239929199219],
127 [208.73052978515625, 331.1258239746094],
128 [239.76614379882812, 331.2026672363281],
129 [270.98651123046875, 330.96234130859375],
130 [302.4761962890625, 330.9728698730469],
131 [334.02996826171875, 330.74822998046875],
132 [365.7332458496094, 330.66070556640625],
133 [397.5592041015625, 330.3551025390625],
134 [429.29962158203125, 330.13446044921875],
135 [461.0469970703125, 329.687744140625],
136 [492.6112976074219, 329.2870788574219],
137 [524.0399780273438, 328.7889709472656],
138 [555.353759765625, 328.29052734375],
139 [586.3155517578125, 327.73651123046875],
