0 [127.12902069091797, 121.64698791503906],1 [164.7213897705078, 121.12163543701172],
2 [202.8081512451172, 120.57890319824219],
3 [241.27294921875, 120.09881591796875],
4 [280.05035400390625, 119.7204818725586],
5 [318.9527282714844, 119.43704986572266],
6 [358.1382751464844, 119.22752380371094],
7 [397.31964111328125, 119.0272216796875],
8 [436.4329528808594, 118.9942855834961],
9 [475.5065002441406, 119.02239227294922],
10 [514.2360229492188, 119.16825866699219],
11 [552.6959228515625, 119.30913543701172],
12 [590.7100219726562, 119.60810089111328],
13 [628.3135375976562, 119.93372344970703],
14 [132.9469757080078, 149.41387939453125],
15 [169.6004638671875, 148.87771606445312],
16 [206.81199645996094, 148.5481719970703],
17 [244.43409729003906, 148.14649963378906],
18 [282.37420654296875, 147.8595428466797],
19 [320.4564208984375, 147.57366943359375],
20 [358.5891418457031, 147.3555908203125],
21 [396.83538818359375, 147.19296264648438],
22 [435.0850830078125, 147.17367553710938],
23 [473.0912780761719, 147.1008758544922],
24 [511.0202331542969, 147.10902404785156],
25 [548.6082153320312, 147.2884521484375],
26 [585.8218383789062, 147.3788299560547],
27 [622.4796142578125, 147.6614227294922],
28 [138.4857940673828, 175.96983337402344],
29 [174.39048767089844, 175.6925048828125],
30 [210.69772338867188, 175.29286193847656],
31 [247.48281860351562, 175.03175354003906],
32 [284.4888610839844, 174.7479705810547],
33 [321.73626708984375, 174.60133361816406],
34 [359.0730285644531, 174.4824981689453],
35 [396.3994140625, 174.34814453125],
36 [433.68853759765625, 174.20257568359375],
37 [470.90875244140625, 174.10643005371094],
38 [507.8287353515625, 174.0778350830078],
39 [544.6600341796875, 174.0352325439453],
40 [580.9727783203125, 174.170166015625],
41 [616.7948608398438, 174.20375061035156],
42 [143.86663818359375, 201.48362731933594],
43 [179.10006713867188, 201.25453186035156],
44 [214.58056640625, 200.9945526123047],
45 [250.5152587890625, 200.7945556640625],
46 [286.6500244140625, 200.6695098876953],
47 [323.0769958496094, 200.5386199951172],
48 [359.4851989746094, 200.40618896484375],
49 [395.9374084472656, 200.2188262939453],
50 [432.4269104003906, 200.13551330566406],
51 [468.7927551269531, 199.91427612304688],
52 [504.82574462890625, 199.8457489013672],
53 [540.8237915039062, 199.75814819335938],
54 [576.4324340820312, 199.6594696044922],
55 [611.4386596679688, 199.6712188720703],
56 [148.96678161621094, 225.9073944091797],
57 [183.41592407226562, 225.79576110839844],
58 [218.21575927734375, 225.63633728027344],
59 [253.3632049560547, 225.53334045410156],
60 [288.6940002441406, 225.3324737548828],
61 [324.2665710449219, 225.2316131591797],
62 [359.8257141113281, 225.03257751464844],
63 [395.52008056640625, 224.94264221191406],
64 [431.1196594238281, 224.7869415283203],
65 [466.5987548828125, 224.62197875976562],
66 [501.91009521484375, 224.48306274414062],
67 [537.0328369140625, 224.33338928222656],
68 [571.7732543945312, 224.25509643554688],
69 [606.1620483398438, 224.16604614257812],
70 [154.12066650390625, 249.31710815429688],
71 [187.754150390625, 249.16555786132812],
72 [221.7948760986328, 249.19207763671875],
73 [256.1861267089844, 249.01329040527344],
74 [290.70123291015625, 248.87196350097656],
75 [325.465087890625, 248.81214904785156],
76 [360.2698059082031, 248.7661895751953],
77 [395.1739196777344, 248.65997314453125],
78 [429.9083557128906, 248.51318359375],
79 [464.671142578125, 248.3184051513672],
80 [499.1844787597656, 248.1635284423828],
81 [533.4629516601562, 248.045166015625],
82 [567.468994140625, 247.70814514160156],
83 [601.1807861328125, 247.48043823242188],
84 [158.93739318847656, 271.66754150390625],
85 [191.8633270263672, 271.7454833984375],
86 [225.2812042236328, 271.6636047363281],
87 [258.86187744140625, 271.63409423828125],
88 [292.6966857910156, 271.5646667480469],
89 [326.61944580078125, 271.4970703125],
90 [360.63946533203125, 271.39093017578125],
91 [394.7010498046875, 271.2510681152344],
92 [428.70184326171875, 271.08270263671875],
93 [462.7193603515625, 270.8387756347656],
94 [496.4783935546875, 270.6670227050781],
95 [530.0728759765625, 270.4174499511719],
96 [563.3788452148438, 270.26611328125],
97 [596.3193969726562, 269.90350341796875],
98 [163.5957794189453, 293.1199035644531],
99 [195.9789581298828, 293.1816711425781],
100 [228.58413696289062, 293.2631530761719],
101 [261.4286804199219, 293.1614074707031],
102 [294.480224609375, 293.23809814453125],
103 [327.68487548828125, 293.10455322265625],
104 [361.0082702636719, 293.04608154296875],
105 [394.3280334472656, 292.8933410644531],
106 [427.59564208984375, 292.7080993652344],
107 [460.8282775878906, 292.57373046875],
108 [493.9001159667969, 292.38922119140625],
109 [526.6962890625, 292.1583557128906],
110 [559.3705444335938, 291.67022705078125],
111 [591.5958251953125, 291.35504150390625],
112 [168.22572326660156, 313.7320861816406],
113 [199.7976837158203, 313.9925231933594],
114 [231.84222412109375, 313.923583984375],
115 [263.93939208984375, 313.9593811035156],
116 [296.41009521484375, 313.9678649902344],
117 [328.7875671386719, 314.0043029785156],
118 [361.3701477050781, 313.8533935546875],
119 [393.968994140625, 313.73712158203125],
120 [426.5626525878906, 313.54119873046875],
121 [459.1451416015625, 313.2718811035156],
122 [491.3876647949219, 312.9076843261719],
123 [523.524169921875, 312.6590576171875],
124 [555.4752197265625, 312.3779602050781],
125 [586.9916381835938, 312.0084533691406],
126 [172.61688232421875, 333.4129943847656],
127 [203.63768005371094, 333.6036376953125],
128 [234.90219116210938, 333.76251220703125],
129 [266.459716796875, 333.7286682128906],
130 [298.0798645019531, 333.84442138671875],
131 [329.87957763671875, 333.74713134765625],
132 [361.7743225097656, 333.6953430175781],
133 [393.655517578125, 333.54217529296875],
134 [425.5175476074219, 333.3935241699219],
135 [457.3402404785156, 333.10455322265625],
136 [488.97491455078125, 332.74395751953125],
137 [520.43359375, 332.4676208496094],
138 [551.6681518554688, 332.1358337402344],
139 [582.6337890625, 331.70501708984375],
