0 [182.70664978027344, 56.28639602661133],1 [206.87135314941406, 62.002628326416016],
2 [231.69476318359375, 67.79920196533203],
3 [257.5670166015625, 74.10613250732422],
4 [284.21038818359375, 80.49533081054688],
5 [311.7760925292969, 87.30622100830078],
6 [340.46307373046875, 94.29692840576172],
7 [370.0537414550781, 101.63285827636719],
8 [400.4918212890625, 109.33075714111328],
9 [431.94390869140625, 117.35493469238281],
10 [464.3651123046875, 125.6165771484375],
11 [497.7929992675781, 134.34658813476562],
12 [531.987060546875, 143.38870239257812],
13 [567.23193359375, 152.6660614013672],
14 [181.57496643066406, 88.1168212890625],
15 [205.44558715820312, 94.22856903076172],
16 [230.1881561279297, 100.6285171508789],
17 [255.7381591796875, 107.27953338623047],
18 [282.3638610839844, 114.29428100585938],
19 [309.5982360839844, 121.46687316894531],
20 [337.8643798828125, 128.94815063476562],
21 [367.0857849121094, 136.78163146972656],
22 [397.20831298828125, 144.988525390625],
23 [428.3092346191406, 153.46514892578125],
24 [460.36151123046875, 162.35333251953125],
25 [493.2666015625, 171.4862518310547],
26 [527.2749633789062, 180.92442321777344],
27 [561.8508911132812, 190.8036346435547],
28 [180.48361206054688, 119.39942169189453],
29 [204.1821746826172, 126.16328430175781],
30 [228.65431213378906, 132.85089111328125],
31 [254.03350830078125, 140.17990112304688],
32 [280.1839294433594, 147.4971923828125],
33 [307.2983703613281, 155.26116943359375],
34 [335.2984924316406, 163.3046875],
35 [364.1658020019531, 171.60618591308594],
36 [393.8919372558594, 180.14524841308594],
37 [424.7591857910156, 189.19073486328125],
38 [456.3988952636719, 198.39315795898438],
39 [488.8568420410156, 208.0016326904297],
40 [522.2693481445312, 217.9280242919922],
41 [556.5077514648438, 228.2559814453125],
42 [179.54901123046875, 150.49183654785156],
43 [202.87448120117188, 157.4567108154297],
44 [227.22132873535156, 164.8192901611328],
45 [252.31210327148438, 172.3964385986328],
46 [278.36358642578125, 180.36451721191406],
47 [305.08056640625, 188.4898223876953],
48 [332.8008117675781, 196.95150756835938],
49 [361.3042907714844, 205.65750122070312],
50 [390.7662353515625, 214.79257202148438],
51 [421.1805725097656, 224.2159881591797],
52 [452.4029235839844, 233.8032684326172],
53 [484.522705078125, 243.83154296875],
54 [517.4483642578125, 254.24156188964844],
55 [551.1654663085938, 264.8515319824219],
56 [178.55189514160156, 180.8849639892578],
57 [201.7979736328125, 188.45314025878906],
58 [225.84918212890625, 196.17982482910156],
59 [250.7232666015625, 204.27005004882812],
60 [276.4275207519531, 212.5064697265625],
61 [302.9690856933594, 221.11407470703125],
62 [330.367431640625, 229.93348693847656],
63 [358.53662109375, 239.20225524902344],
64 [387.59112548828125, 248.64199829101562],
65 [417.55377197265625, 258.427001953125],
66 [448.4566345214844, 268.5460510253906],
67 [480.12713623046875, 278.9216613769531],
68 [512.5507202148438, 289.6396789550781],
69 [545.732177734375, 300.5323181152344],
70 [177.7287139892578, 210.93145751953125],
71 [200.7633819580078, 218.78070068359375],
72 [224.58587646484375, 226.95558166503906],
73 [249.30308532714844, 235.38656616210938],
74 [274.6720275878906, 244.18350219726562],
75 [300.8993835449219, 253.14088439941406],
76 [327.9239196777344, 262.45440673828125],
77 [355.8528137207031, 271.9604797363281],
78 [384.5518493652344, 281.86529541015625],
79 [414.155029296875, 291.9884033203125],
80 [444.5982666015625, 302.4764404296875],
81 [475.7252502441406, 313.2194519042969],
82 [507.8011169433594, 324.19354248046875],
83 [540.5604858398438, 335.45623779296875],
84 [177.15570068359375, 240.31558227539062],
85 [199.87722778320312, 248.63201904296875],
86 [223.4638214111328, 257.143798828125],
87 [247.97984313964844, 266.11822509765625],
88 [273.1322326660156, 275.13494873046875],
89 [298.97344970703125, 284.5015563964844],
90 [325.714111328125, 294.0914001464844],
91 [353.3124084472656, 304.0985412597656],
92 [381.5845947265625, 314.2534484863281],
93 [410.85150146484375, 324.7973327636719],
94 [440.77691650390625, 335.5503234863281],
95 [471.6532897949219, 346.5917663574219],
96 [503.16204833984375, 357.88067626953125],
97 [535.4279174804688, 369.4123229980469],
98 [176.43309020996094, 269.3094482421875],
99 [199.06851196289062, 277.8074645996094],
100 [222.4539031982422, 286.76763916015625],
101 [246.61900329589844, 295.91253662109375],
102 [271.4710693359375, 305.4520568847656],
103 [297.1910705566406, 315.1479187011719],
104 [323.4776306152344, 325.1364440917969],
105 [350.7374267578125, 335.34942626953125],
106 [378.6675109863281, 345.8899230957031],
107 [407.5577392578125, 356.6875915527344],
108 [437.1982421875, 367.7653503417969],
109 [467.446044921875, 379.1771545410156],
110 [498.5306701660156, 390.65252685546875],
111 [530.3167114257812, 402.5414733886719],
112 [176.0614013671875, 297.61859130859375],
113 [198.3802947998047, 306.5494384765625],
114 [221.5357666015625, 315.7018127441406],
115 [245.42263793945312, 325.3043518066406],
116 [269.9862365722656, 334.97747802734375],
117 [295.3116149902344, 345.1272277832031],
118 [321.4516296386719, 355.3149719238281],
119 [348.2571105957031, 365.89422607421875],
120 [375.8764343261719, 376.6951599121094],
121 [404.3976745605469, 387.7539978027344],
122 [433.52777099609375, 399.1336975097656],
123 [463.39166259765625, 410.67529296875],
124 [493.865478515625, 422.4877624511719],
125 [525.2239990234375, 434.4808349609375],
126 [175.58021545410156, 325.3897705078125],
127 [197.74429321289062, 334.5594482421875],
128 [220.58168029785156, 344.1522521972656],
129 [244.2784423828125, 353.801025390625],
130 [268.5447082519531, 363.9502258300781],
131 [293.5439147949219, 374.1427001953125],
132 [319.3894958496094, 384.678955078125],
133 [345.8468933105469, 395.4727783203125],
134 [373.2005310058594, 406.59259033203125],
135 [401.1854553222656, 417.9654541015625],
136 [429.766845703125, 429.4954833984375],
137 [459.31396484375, 441.3177490234375],
138 [489.4185791015625, 453.32763671875],
139 [520.1581420898438, 465.517578125],
