0 [145.95298767089844, 90.32720184326172],1 [182.37371826171875, 90.82913970947266],
2 [219.19334411621094, 91.35669708251953],
3 [256.247802734375, 92.20976257324219],
4 [293.49139404296875, 92.91742706298828],
5 [330.9830322265625, 93.88017272949219],
6 [368.65399169921875, 94.85332489013672],
7 [406.37286376953125, 96.01382446289062],
8 [443.9107971191406, 97.32479095458984],
9 [481.3861999511719, 98.69723510742188],
10 [518.5467529296875, 100.30015563964844],
11 [555.4724731445312, 101.8425064086914],
12 [592.1282958984375, 103.57537078857422],
13 [628.211669921875, 105.31632995605469],
14 [148.24835205078125, 124.49852752685547],
15 [183.9993896484375, 125.10926818847656],
16 [220.35635375976562, 125.90018463134766],
17 [256.82476806640625, 126.60408782958984],
18 [293.718017578125, 127.39972686767578],
19 [330.6800842285156, 128.38714599609375],
20 [367.69451904296875, 129.42141723632812],
21 [404.82391357421875, 130.5539093017578],
22 [441.80792236328125, 131.80096435546875],
23 [478.7820739746094, 133.02427673339844],
24 [515.566650390625, 134.5170440673828],
25 [551.9503173828125, 136.04705810546875],
26 [587.9619750976562, 137.59266662597656],
27 [623.5612182617188, 139.22862243652344],
28 [150.46853637695312, 157.8969268798828],
29 [185.7223663330078, 158.65151977539062],
30 [221.52151489257812, 159.35879516601562],
31 [257.6106872558594, 160.23243713378906],
32 [293.83306884765625, 161.18475341796875],
33 [330.36090087890625, 162.1912078857422],
34 [366.8648681640625, 163.15756225585938],
35 [403.3746032714844, 164.296875],
36 [439.88385009765625, 165.42149353027344],
37 [476.2644958496094, 166.7073974609375],
38 [512.4788208007812, 168.03094482421875],
39 [548.4520874023438, 169.37359619140625],
40 [584.0365600585938, 170.78021240234375],
41 [619.062255859375, 172.23721313476562],
42 [152.6902618408203, 190.4961700439453],
43 [187.50379943847656, 191.3109893798828],
44 [222.7689666748047, 192.22244262695312],
45 [258.3421936035156, 192.97515869140625],
46 [294.09149169921875, 194.06239318847656],
47 [330.03582763671875, 195.0270233154297],
48 [365.9451904296875, 196.13458251953125],
49 [401.88909912109375, 197.13699340820312],
50 [437.9368896484375, 198.2522430419922],
51 [473.7519836425781, 199.41403198242188],
52 [509.48199462890625, 200.58682250976562],
53 [544.8513793945312, 201.9073944091797],
54 [579.87353515625, 203.17897033691406],
55 [614.5531616210938, 204.5326385498047],
56 [154.9433135986328, 222.07252502441406],
57 [189.3267364501953, 223.0365753173828],
58 [224.06277465820312, 223.97561645507812],
59 [259.0502624511719, 224.8716583251953],
60 [294.29840087890625, 225.9178009033203],
61 [329.65728759765625, 226.9012908935547],
62 [365.1329040527344, 228.01974487304688],
63 [400.6172790527344, 229.08128356933594],
64 [436.0187683105469, 230.20326232910156],
65 [471.4071350097656, 231.21014404296875],
66 [506.4479675292969, 232.3916015625],
67 [541.228759765625, 233.4990997314453],
68 [575.8645629882812, 234.65115356445312],
69 [609.9363403320312, 235.88966369628906],
70 [157.35043334960938, 252.88717651367188],
71 [191.24847412109375, 253.8645477294922],
72 [225.40830993652344, 254.88079833984375],
73 [259.8463439941406, 255.8633270263672],
74 [294.58843994140625, 256.8651428222656],
75 [329.4433898925781, 257.9834899902344],
76 [364.2920227050781, 258.9930114746094],
77 [399.29278564453125, 260.1176452636719],
78 [434.1921691894531, 261.05072021484375],
79 [468.8860168457031, 262.2228088378906],
80 [503.5306396484375, 263.15557861328125],
81 [537.7880859375, 264.2838134765625],
82 [571.8251953125, 265.23724365234375],
83 [605.5391845703125, 266.3383483886719],
84 [159.65744018554688, 282.6634216308594],
85 [193.0051727294922, 283.9428405761719],
86 [226.73941040039062, 284.82305908203125],
87 [260.7453308105469, 285.9803466796875],
88 [294.9158630371094, 286.91973876953125],
89 [329.2132873535156, 288.1064758300781],
90 [363.57623291015625, 288.99017333984375],
91 [398.0133361816406, 290.15087890625],
92 [432.3173828125, 291.0739440917969],
93 [466.57659912109375, 292.08563232421875],
94 [500.67938232421875, 293.1069641113281],
95 [534.5137329101562, 293.9967041015625],
96 [568.1199951171875, 295.0041809082031],
97 [601.2637329101562, 295.902587890625],
98 [162.07809448242188, 311.7107849121094],
99 [194.979736328125, 312.7651672363281],
100 [228.19998168945312, 314.03680419921875],
101 [261.58392333984375, 314.95550537109375],
102 [295.2999267578125, 316.1598205566406],
103 [329.00006103515625, 317.1159973144531],
104 [362.7743225097656, 318.1975402832031],
105 [396.67742919921875, 319.2164611816406],
106 [430.5899963378906, 320.2221374511719],
107 [464.3143310546875, 321.13140869140625],
108 [497.8616943359375, 322.03570556640625],
109 [531.2354736328125, 322.921630859375],
110 [564.2523803710938, 323.7470703125],
111 [596.861328125, 324.6025085449219],
112 [164.46746826171875, 339.71478271484375],
113 [196.85568237304688, 340.9744567871094],
114 [229.62815856933594, 342.11834716796875],
115 [262.4959411621094, 343.1983337402344],
116 [295.60107421875, 344.37255859375],
117 [328.8238525390625, 345.4253234863281],
118 [362.21099853515625, 346.4051818847656],
119 [395.5193176269531, 347.4281005859375],
120 [428.7676696777344, 348.4040222167969],
121 [461.9485168457031, 349.18853759765625],
122 [495.025634765625, 350.1201477050781],
123 [527.8964233398438, 350.7984619140625],
124 [560.421630859375, 351.5934753417969],
125 [592.5724487304688, 352.3243103027344],
126 [166.75807189941406, 366.8915100097656],
127 [198.7205047607422, 368.14276123046875],
128 [231.02186584472656, 369.3782653808594],
129 [263.3579406738281, 370.4608154296875],
130 [295.9788513183594, 371.6045837402344],
131 [328.6964416503906, 372.6072998046875],
132 [361.48828125, 373.6812744140625],
133 [394.2941589355469, 374.57293701171875],
134 [427.06195068359375, 375.5069885253906],
135 [459.7091064453125, 376.4154052734375],
136 [492.2525634765625, 377.1260681152344],
137 [524.5477905273438, 377.9157409667969],
138 [556.66162109375, 378.5438537597656],
139 [588.4204711914062, 379.1634216308594],
