0 [154.36746215820312, 100.77430725097656],1 [190.4057159423828, 101.37506866455078],
2 [226.70223999023438, 101.82931518554688],
3 [263.3889465332031, 102.42788696289062],
4 [299.9991455078125, 103.02489471435547],
5 [336.8585205078125, 104.00894165039062],
6 [373.6026306152344, 104.72052001953125],
7 [410.463623046875, 105.86060333251953],
8 [447.03802490234375, 106.81550598144531],
9 [483.50848388671875, 108.25799560546875],
10 [519.5975952148438, 109.48026275634766],
11 [555.4156494140625, 110.7047119140625],
12 [590.7850341796875, 112.35619354248047],
13 [625.7198486328125, 114.01847839355469],
14 [155.34310913085938, 136.4759521484375],
15 [190.9552001953125, 136.76336669921875],
16 [227.07508850097656, 137.42555236816406],
17 [263.2269592285156, 138.0389862060547],
18 [299.5791931152344, 138.61265563964844],
19 [336.060791015625, 139.55337524414062],
20 [372.4992980957031, 140.4216766357422],
21 [408.8736877441406, 141.29330444335938],
22 [445.1781005859375, 142.325927734375],
23 [481.2348327636719, 143.45045471191406],
24 [517.0, 144.57089233398438],
25 [552.4738159179688, 145.9539794921875],
26 [587.5816040039062, 147.04745483398438],
27 [622.1223754882812, 148.59188842773438],
28 [156.41091918945312, 171.12130737304688],
29 [191.744384765625, 171.8341827392578],
30 [227.2979278564453, 172.4309539794922],
31 [263.1446533203125, 173.04408264160156],
32 [299.2169494628906, 173.80320739746094],
33 [335.3131103515625, 174.53334045410156],
34 [371.3328857421875, 175.4213104248047],
35 [407.2667236328125, 176.33807373046875],
36 [443.2087707519531, 177.1769256591797],
37 [478.9427490234375, 178.2666015625],
38 [514.3804931640625, 179.31683349609375],
39 [549.4189453125, 180.37498474121094],
40 [584.258544921875, 181.5604248046875],
41 [618.3145751953125, 182.65834045410156],
42 [157.5446014404297, 205.76611328125],
43 [192.5575714111328, 206.26394653320312],
44 [227.74594116210938, 206.744873046875],
45 [263.2588195800781, 207.5449676513672],
46 [298.83258056640625, 208.22183227539062],
47 [334.4713134765625, 208.93594360351562],
48 [370.1544494628906, 209.80484008789062],
49 [405.7453308105469, 210.5914764404297],
50 [441.2708740234375, 211.48899841308594],
51 [476.60430908203125, 212.38259887695312],
52 [511.6794128417969, 213.22459411621094],
53 [546.3472900390625, 214.31443786621094],
54 [580.7949829101562, 215.23721313476562],
55 [614.585693359375, 216.37838745117188],
56 [158.77239990234375, 238.9107666015625],
57 [193.38006591796875, 239.85829162597656],
58 [228.2771759033203, 240.47299194335938],
59 [263.27691650390625, 241.1318817138672],
60 [298.4944152832031, 242.00938415527344],
61 [333.7192077636719, 242.6638946533203],
62 [369.03887939453125, 243.4843292236328],
63 [404.3521423339844, 244.24790954589844],
64 [439.3534240722656, 245.0010528564453],
65 [474.2183837890625, 245.89625549316406],
66 [508.9208984375, 246.64511108398438],
67 [543.143310546875, 247.46734619140625],
68 [577.2570190429688, 248.40951538085938],
69 [610.7191162109375, 249.14381408691406],
70 [160.15000915527344, 272.1469421386719],
71 [194.35433959960938, 272.6195983886719],
72 [228.76426696777344, 273.3379211425781],
73 [263.4520263671875, 274.1499938964844],
74 [298.2615966796875, 274.78009033203125],
75 [333.1152038574219, 275.6069030761719],
76 [367.9332275390625, 276.3993225097656],
77 [402.73577880859375, 277.0638732910156],
78 [437.4248962402344, 277.890625],
79 [471.9566345214844, 278.5401916503906],
80 [506.25823974609375, 279.2421569824219],
81 [540.1091918945312, 280.0655212402344],
82 [573.6788330078125, 280.6360778808594],
83 [606.9313354492188, 281.3966979980469],
84 [161.56829833984375, 303.8045349121094],
85 [195.34500122070312, 304.77593994140625],
86 [229.48760986328125, 305.49224853515625],
87 [263.60968017578125, 306.3313903808594],
88 [298.0837707519531, 307.0081787109375],
89 [332.4624328613281, 307.7624816894531],
90 [366.8628845214844, 308.5068359375],
91 [401.2760314941406, 309.1517028808594],
92 [435.5523681640625, 309.8336181640625],
93 [469.7001953125, 310.4613342285156],
94 [503.5511779785156, 311.1031494140625],
95 [537.096435546875, 311.70135498046875],
96 [570.4019775390625, 312.358154296875],
97 [603.2965698242188, 312.7825622558594],
98 [163.1387939453125, 335.1678161621094],
99 [196.55653381347656, 336.1111145019531],
100 [230.1005096435547, 336.8165283203125],
101 [263.9403991699219, 337.61663818359375],
102 [297.8688049316406, 338.4000244140625],
103 [331.88751220703125, 339.0907287597656],
104 [365.85040283203125, 339.7906494140625],
105 [399.84564208984375, 340.4652404785156],
106 [433.653076171875, 341.0128479003906],
107 [467.4509582519531, 341.6304016113281],
108 [500.8116455078125, 342.2126770019531],
109 [534.0582275390625, 342.68304443359375],
110 [567.050537109375, 343.00616455078125],
111 [599.3746948242188, 343.5517578125],
112 [164.75225830078125, 365.56353759765625],
113 [197.65744018554688, 366.59674072265625],
114 [230.9004364013672, 367.38018798828125],
115 [264.2708740234375, 368.20263671875],
116 [297.7791748046875, 368.8333740234375],
117 [331.3890686035156, 369.6356201171875],
118 [364.8826599121094, 370.3180236816406],
119 [398.53582763671875, 370.85260009765625],
120 [431.8847961425781, 371.4225769042969],
121 [465.2582702636719, 371.9276123046875],
122 [498.2520446777344, 372.3942565917969],
123 [531.0139770507812, 372.7191162109375],
124 [563.5514526367188, 373.115966796875],
125 [595.5875244140625, 373.38482666015625],
126 [166.32115173339844, 395.2841491699219],
127 [198.89498901367188, 396.16534423828125],
128 [231.6408233642578, 397.1154479980469],
129 [264.5960998535156, 397.8097839355469],
130 [297.6706848144531, 398.5855407714844],
131 [330.8185119628906, 399.27459716796875],
132 [363.9349670410156, 399.8695983886719],
133 [397.1159973144531, 400.4613037109375],
134 [430.06463623046875, 400.98333740234375],
135 [462.9233093261719, 401.3828430175781],
136 [495.621826171875, 401.7354431152344],
137 [527.8800659179688, 402.1092224121094],
138 [560.01416015625, 402.266845703125],
139 [591.6964111328125, 402.4756774902344],
