0 [140.49285888671875, 93.36878204345703],1 [167.27049255371094, 95.47642517089844],
2 [194.8467559814453, 97.54290008544922],
3 [223.2010498046875, 99.96089172363281],
4 [252.38526916503906, 102.25215911865234],
5 [282.3725280761719, 104.74945831298828],
6 [313.2559814453125, 107.46891784667969],
7 [344.80694580078125, 110.31172180175781],
8 [377.2662353515625, 113.33280944824219],
9 [410.40753173828125, 116.41272735595703],
10 [444.3060607910156, 119.57810974121094],
11 [478.76458740234375, 123.00511932373047],
12 [513.9298095703125, 126.81805419921875],
13 [549.7155151367188, 130.4756622314453],
14 [142.8485565185547, 124.72638702392578],
15 [169.43272399902344, 127.22199249267578],
16 [196.7762451171875, 129.7931671142578],
17 [225.0076904296875, 132.43333435058594],
18 [253.95523071289062, 135.2369384765625],
19 [283.70245361328125, 138.12266540527344],
20 [314.3999938964844, 141.20579528808594],
21 [345.6513977050781, 144.40357971191406],
22 [377.73822021484375, 147.8189697265625],
23 [410.5896301269531, 151.3748016357422],
24 [444.233642578125, 154.8061065673828],
25 [478.3804626464844, 158.80032348632812],
26 [513.2671508789062, 162.60264587402344],
27 [548.5502319335938, 166.90811157226562],
28 [145.15463256835938, 155.69691467285156],
29 [171.63328552246094, 158.64578247070312],
30 [198.90187072753906, 161.5304412841797],
31 [226.84994506835938, 164.59603881835938],
32 [255.61830139160156, 167.74359130859375],
33 [285.2050476074219, 171.14447021484375],
34 [315.4662780761719, 174.5949249267578],
35 [346.4906311035156, 178.24082946777344],
36 [378.2955017089844, 181.74111938476562],
37 [410.8030700683594, 185.6923828125],
38 [444.067138671875, 189.58062744140625],
39 [477.87896728515625, 193.82333374023438],
40 [512.3969116210938, 197.90379333496094],
41 [547.326171875, 202.43035888671875],
42 [147.7350311279297, 186.4057159423828],
43 [173.9019317626953, 189.54745483398438],
44 [200.9861297607422, 192.85850524902344],
45 [228.6650848388672, 196.32579040527344],
46 [257.3376770019531, 199.977294921875],
47 [286.5765686035156, 203.5651092529297],
48 [316.60498046875, 207.4197235107422],
49 [347.3603820800781, 211.34828186035156],
50 [378.7770080566406, 215.36944580078125],
51 [410.97833251953125, 219.47601318359375],
52 [443.8018493652344, 223.8517303466797],
53 [477.3700866699219, 228.20570373535156],
54 [511.5168151855469, 232.66961669921875],
55 [545.97119140625, 237.47584533691406],
56 [150.27407836914062, 216.47406005859375],
57 [176.2690887451172, 220.07545471191406],
58 [203.13980102539062, 223.63650512695312],
59 [230.62432861328125, 227.49525451660156],
60 [258.913818359375, 231.42835998535156],
61 [287.9544677734375, 235.4526824951172],
62 [317.6515808105469, 239.550048828125],
63 [348.1494445800781, 243.89480590820312],
64 [379.3919677734375, 248.1956024169922],
65 [411.1883850097656, 252.5967254638672],
66 [443.6139831542969, 257.31610107421875],
67 [476.71893310546875, 262.0452880859375],
68 [510.4657287597656, 266.9238586425781],
69 [544.6302490234375, 271.73065185546875],
70 [152.76974487304688, 246.0532684326172],
71 [178.63916015625, 249.9260711669922],
72 [205.25057983398438, 254.00900268554688],
73 [232.56333923339844, 258.0432434082031],
74 [260.6507568359375, 262.364990234375],
75 [289.40692138671875, 266.6293029785156],
76 [318.841064453125, 271.1380310058594],
77 [349.0484924316406, 275.68023681640625],
78 [379.77862548828125, 280.4138488769531],
79 [411.334228515625, 285.22625732421875],
80 [443.4323425292969, 290.12451171875],
81 [476.20843505859375, 295.08465576171875],
82 [509.4529113769531, 300.1060791015625],
83 [543.2676391601562, 305.2712707519531],
84 [155.48731994628906, 274.9685363769531],
85 [181.07472229003906, 279.3236083984375],
86 [207.54457092285156, 283.5670166015625],
87 [234.56529235839844, 288.113525390625],
88 [262.4248046875, 292.5660095214844],
89 [290.8128662109375, 297.289306640625],
90 [319.9798583984375, 302.0010986328125],
91 [349.859619140625, 306.8790588378906],
92 [380.3908996582031, 311.74652099609375],
93 [411.5066223144531, 316.8449401855469],
94 [443.34075927734375, 321.96759033203125],
95 [475.5798034667969, 327.2043151855469],
96 [508.50689697265625, 332.5362854003906],
97 [541.8338623046875, 337.93853759765625],
98 [158.04876708984375, 303.4736022949219],
99 [183.54507446289062, 308.00177001953125],
100 [209.7152557373047, 312.6481628417969],
101 [236.55137634277344, 317.3282165527344],
102 [264.1194763183594, 322.3074645996094],
103 [292.4198303222656, 327.2324523925781],
104 [321.1318054199219, 332.2738037109375],
105 [350.67791748046875, 337.3935546875],
106 [380.8077392578125, 342.5508117675781],
107 [411.6448669433594, 347.8028869628906],
108 [443.084716796875, 353.2059020996094],
109 [475.02777099609375, 358.6706237792969],
110 [507.5133972167969, 364.22589111328125],
111 [540.4345092773438, 369.6517028808594],
112 [160.84442138671875, 331.3579406738281],
113 [186.03659057617188, 336.29241943359375],
114 [212.05628967285156, 341.1473693847656],
115 [238.5956573486328, 346.1791687011719],
116 [265.8902282714844, 351.2366027832031],
117 [293.7301330566406, 356.4332275390625],
118 [322.3360595703125, 361.62994384765625],
119 [351.5457763671875, 367.0675048828125],
120 [381.3896484375, 372.5024719238281],
121 [411.8470153808594, 378.1093444824219],
122 [442.7880554199219, 383.58831787109375],
123 [474.3350830078125, 389.2325134277344],
124 [506.4499206542969, 394.9753112792969],
125 [538.8204956054688, 400.551025390625],
126 [163.51731872558594, 358.6610107421875],
127 [188.5377960205078, 363.6028747558594],
128 [214.31314086914062, 368.8979797363281],
129 [240.57476806640625, 374.080078125],
130 [267.6068420410156, 379.52618408203125],
131 [295.24847412109375, 384.8993225097656],
132 [323.4920959472656, 390.43157958984375],
133 [352.3244323730469, 395.8938903808594],
134 [381.7663879394531, 401.67730712890625],
135 [411.86083984375, 407.3501281738281],
136 [442.5215148925781, 413.144775390625],
137 [473.59442138671875, 419.00787353515625],
138 [505.25091552734375, 424.7470397949219],
139 [537.2786865234375, 430.6996765136719],
