0 [131.89797973632812, 103.08989715576172],1 [169.29110717773438, 102.9944076538086],
2 [207.3106231689453, 102.87081146240234],
3 [245.53282165527344, 102.94141387939453],
4 [284.1881103515625, 103.14501190185547],
5 [322.8505554199219, 103.37019348144531],
6 [361.8237609863281, 103.76844787597656],
7 [400.7475280761719, 104.22098541259766],
8 [439.725341796875, 104.8099594116211],
9 [478.51580810546875, 105.50324249267578],
10 [517.0662841796875, 106.38468933105469],
11 [555.2975463867188, 107.24993133544922],
12 [593.0831909179688, 108.3033218383789],
13 [630.426025390625, 109.33273315429688],
14 [136.05441284179688, 134.796630859375],
15 [172.78939819335938, 134.71902465820312],
16 [210.0132598876953, 134.88783264160156],
17 [247.636962890625, 134.984619140625],
18 [285.50048828125, 135.2305908203125],
19 [323.53759765625, 135.56610107421875],
20 [361.65484619140625, 135.95265197753906],
21 [399.81597900390625, 136.40013122558594],
22 [438.0281677246094, 136.91082763671875],
23 [476.077880859375, 137.5583953857422],
24 [513.8793334960938, 138.29605102539062],
25 [551.4210815429688, 139.06491088867188],
26 [588.50390625, 139.96742248535156],
27 [625.0578002929688, 140.81607055664062],
28 [140.2527313232422, 165.40460205078125],
29 [176.28221130371094, 165.59893798828125],
30 [212.75640869140625, 165.74098205566406],
31 [249.62750244140625, 166.03468322753906],
32 [286.8114013671875, 166.26687622070312],
33 [324.11236572265625, 166.59014892578125],
34 [361.4942321777344, 167.02493286132812],
35 [398.9933776855469, 167.485595703125],
36 [436.35931396484375, 167.9496307373047],
37 [473.6536865234375, 168.51556396484375],
38 [510.7193603515625, 169.11749267578125],
39 [547.4985961914062, 169.78025817871094],
40 [583.9296264648438, 170.51681518554688],
41 [619.8059692382812, 171.27960205078125],
42 [144.27899169921875, 195.11752319335938],
43 [179.67852783203125, 195.30860900878906],
44 [215.53680419921875, 195.59317016601562],
45 [251.73565673828125, 195.94973754882812],
46 [288.1180419921875, 196.31158447265625],
47 [324.6961975097656, 196.57113647460938],
48 [361.4210510253906, 197.00152587890625],
49 [398.046630859375, 197.45851135253906],
50 [434.78375244140625, 198.00128173828125],
51 [471.3025817871094, 198.45469665527344],
52 [507.6602478027344, 198.86053466796875],
53 [543.7054443359375, 199.5191192626953],
54 [579.4754638671875, 200.13414001464844],
55 [614.6731567382812, 200.7244110107422],
56 [148.3610382080078, 223.5989227294922],
57 [183.01441955566406, 224.06695556640625],
58 [218.2077178955078, 224.322265625],
59 [253.65003967285156, 224.679931640625],
60 [289.4269714355469, 224.99844360351562],
61 [325.33685302734375, 225.44374084472656],
62 [361.2411804199219, 225.89767456054688],
63 [397.25146484375, 226.36485290527344],
64 [433.17681884765625, 226.68783569335938],
65 [468.9654235839844, 227.15463256835938],
66 [504.5940856933594, 227.64366149902344],
67 [539.919677734375, 228.17958068847656],
68 [574.9558715820312, 228.62928771972656],
69 [609.6683349609375, 228.9976806640625],
70 [152.2509307861328, 251.1267547607422],
71 [186.4042510986328, 251.4861297607422],
72 [220.8518829345703, 252.06069946289062],
73 [255.71449279785156, 252.426513671875],
74 [290.6741943359375, 252.73199462890625],
75 [325.8266906738281, 253.19659423828125],
76 [361.079345703125, 253.70916748046875],
77 [396.40765380859375, 254.19979858398438],
78 [431.55419921875, 254.48849487304688],
79 [466.7422180175781, 254.8339385986328],
80 [501.65765380859375, 255.23167419433594],
81 [536.2979125976562, 255.7081756591797],
82 [570.733154296875, 256.0922546386719],
83 [604.7080688476562, 256.4605407714844],
84 [156.20140075683594, 277.5399169921875],
85 [189.64036560058594, 278.2327880859375],
86 [223.5790252685547, 278.541015625],
87 [257.6545104980469, 278.969970703125],
88 [291.9585876464844, 279.4425964355469],
89 [326.4879455566406, 279.9517822265625],
90 [361.0177001953125, 280.3750305175781],
91 [395.5845642089844, 280.6974792480469],
92 [430.12432861328125, 281.10174560546875],
93 [464.5927734375, 281.50567626953125],
94 [498.8841857910156, 281.8121337890625],
95 [532.8400268554688, 282.2408752441406],
96 [566.6045532226562, 282.4850158691406],
97 [600.0492553710938, 282.6774597167969],
98 [159.9723663330078, 302.9440002441406],
99 [192.88719177246094, 303.5672607421875],
100 [226.08172607421875, 304.259521484375],
101 [259.5318908691406, 304.6095275878906],
102 [293.2052917480469, 305.0748291015625],
103 [327.05950927734375, 305.5713195800781],
104 [360.86236572265625, 306.1478576660156],
105 [394.8072814941406, 306.440673828125],
106 [428.66229248046875, 306.7339172363281],
107 [462.5105895996094, 307.0771789550781],
108 [496.1471862792969, 307.3599548339844],
109 [529.5272827148438, 307.6776123046875],
110 [562.6336669921875, 307.8946838378906],
111 [595.4133911132812, 308.1896667480469],
112 [163.7104034423828, 327.54376220703125],
113 [195.88134765625, 328.34490966796875],
114 [228.5235137939453, 328.6994934082031],
115 [261.3610534667969, 329.32586669921875],
116 [294.4433898925781, 329.80230712890625],
117 [327.58135986328125, 330.3526306152344],
118 [360.78485107421875, 330.6822204589844],
119 [394.1058654785156, 331.0353088378906],
120 [427.293212890625, 331.453857421875],
121 [460.42425537109375, 331.7657165527344],
122 [493.39947509765625, 331.9908142089844],
123 [526.17919921875, 332.1814270019531],
124 [558.6306762695312, 332.3428649902344],
125 [590.823974609375, 332.413330078125],
126 [167.29440307617188, 351.0888366699219],
127 [199.11048889160156, 351.8774719238281],
128 [231.0233612060547, 352.4997863769531],
129 [263.260009765625, 352.9379577636719],
130 [295.63275146484375, 353.58001708984375],
131 [328.2126770019531, 354.02484130859375],
132 [360.7070617675781, 354.4230651855469],
133 [393.40386962890625, 354.7489318847656],
134 [425.91510009765625, 355.02764892578125],
135 [458.44927978515625, 355.3580627441406],
136 [490.7818908691406, 355.5618591308594],
137 [522.92578125, 355.6855773925781],
138 [554.890625, 355.7361145019531],
139 [586.4254150390625, 355.8213195800781],
