0 [175.21142578125, 101.67024993896484],1 [212.0010223388672, 102.57816314697266],
2 [248.4281768798828, 103.44491577148438],
3 [284.48199462890625, 104.46273803710938],
4 [320.14019775390625, 105.6058349609375],
5 [355.2437438964844, 106.6895751953125],
6 [389.7417907714844, 108.10980224609375],
7 [423.7314758300781, 109.27401733398438],
8 [457.1235046386719, 110.74298858642578],
9 [489.8134765625, 112.31686401367188],
10 [521.7672119140625, 113.78083801269531],
11 [553.1524047851562, 115.25155639648438],
12 [583.6307373046875, 116.8155746459961],
13 [613.4334716796875, 118.46800231933594],
14 [174.40940856933594, 139.61312866210938],
15 [211.02920532226562, 140.25210571289062],
16 [247.5035400390625, 140.8982391357422],
17 [283.5645446777344, 141.63209533691406],
18 [319.223388671875, 142.45147705078125],
19 [354.3218078613281, 143.3781280517578],
20 [388.8125305175781, 144.3253173828125],
21 [422.7740478515625, 145.21466064453125],
22 [456.1051940917969, 146.39617919921875],
23 [488.8538513183594, 147.43829345703125],
24 [520.8316650390625, 148.5294189453125],
25 [552.1566162109375, 149.8052215576172],
26 [582.6571655273438, 150.80833435058594],
27 [612.4118041992188, 152.36732482910156],
28 [173.56700134277344, 177.5609893798828],
29 [210.2799072265625, 178.00119018554688],
30 [246.68597412109375, 178.4155731201172],
31 [282.6710510253906, 178.8472137451172],
32 [318.3337707519531, 179.4549560546875],
33 [353.4061279296875, 180.15553283691406],
34 [387.8325500488281, 180.64137268066406],
35 [421.8473205566406, 181.28982543945312],
36 [455.1563415527344, 182.16078186035156],
37 [487.7953796386719, 182.71337890625],
38 [519.7550659179688, 183.57916259765625],
39 [551.083984375, 184.46051025390625],
40 [581.55078125, 185.2570343017578],
41 [611.2828369140625, 186.27200317382812],
42 [172.98997497558594, 215.64132690429688],
43 [209.64259338378906, 215.74429321289062],
44 [245.93600463867188, 216.03494262695312],
45 [281.9013366699219, 216.15135192871094],
46 [317.4237976074219, 216.47091674804688],
47 [352.4698486328125, 216.67555236816406],
48 [386.88677978515625, 216.94802856445312],
49 [420.7733154296875, 217.361572265625],
50 [454.0596923828125, 217.81207275390625],
51 [486.6862487792969, 218.2444610595703],
52 [518.630126953125, 218.52911376953125],
53 [549.8422241210938, 218.94155883789062],
54 [580.3560180664062, 219.5585479736328],
55 [610.0006103515625, 220.1978302001953],
56 [172.5236358642578, 253.38827514648438],
57 [209.0817108154297, 253.37594604492188],
58 [245.3816375732422, 253.34719848632812],
59 [281.1601257324219, 253.3000030517578],
60 [316.60418701171875, 253.2352752685547],
61 [351.60198974609375, 253.28857421875],
62 [385.9909973144531, 253.27764892578125],
63 [419.78802490234375, 253.27586364746094],
64 [452.9873046875, 253.3583984375],
65 [485.5432434082031, 253.4127960205078],
66 [517.416015625, 253.51881408691406],
67 [548.4990844726562, 253.59307861328125],
68 [578.9027099609375, 253.76589965820312],
69 [608.5405883789062, 253.95184326171875],
70 [172.2718048095703, 291.1537780761719],
71 [208.6251983642578, 290.7740478515625],
72 [244.72080993652344, 290.5774841308594],
73 [280.5457763671875, 290.2688293457031],
74 [315.83489990234375, 289.9975891113281],
75 [350.7338562011719, 289.7338562011719],
76 [385.0953674316406, 289.381103515625],
77 [418.7792663574219, 289.0410461425781],
78 [451.8858642578125, 288.7812805175781],
79 [484.46234130859375, 288.5856628417969],
80 [516.1544799804688, 288.329833984375],
81 [547.2603759765625, 288.18988037109375],
82 [577.5354614257812, 287.7303466796875],
83 [607.1326293945312, 287.4902038574219],
84 [172.04151916503906, 328.3774108886719],
85 [208.3375244140625, 328.0473327636719],
86 [244.36141967773438, 327.46368408203125],
87 [279.9706726074219, 327.01824951171875],
88 [315.227294921875, 326.4195861816406],
89 [349.8753967285156, 325.8154296875],
90 [384.0943603515625, 325.1790771484375],
91 [417.7211608886719, 324.60125732421875],
92 [450.7445373535156, 324.143310546875],
93 [483.224365234375, 323.3673095703125],
94 [514.8311157226562, 322.73248291015625],
95 [545.775634765625, 322.21954345703125],
96 [576.1692504882812, 321.5863952636719],
97 [605.5736083984375, 320.8310852050781],
98 [172.0037078857422, 365.5223693847656],
99 [208.16395568847656, 364.78466796875],
100 [243.9859619140625, 364.15496826171875],
101 [279.4452819824219, 363.2645263671875],
102 [314.5207214355469, 362.4893493652344],
103 [349.1377258300781, 361.6362609863281],
104 [383.19189453125, 360.730712890625],
105 [416.7146911621094, 359.9362487792969],
106 [449.5940246582031, 358.892333984375],
107 [481.8969421386719, 358.1400451660156],
108 [513.4690551757812, 357.0020446777344],
109 [544.3545532226562, 356.2125244140625],
110 [574.5834350585938, 354.9883117675781],
111 [603.895263671875, 354.2821960449219],
112 [172.20509338378906, 402.06378173828125],
113 [208.09332275390625, 401.2867431640625],
114 [243.76504516601562, 400.3158264160156],
115 [279.04510498046875, 399.29058837890625],
116 [313.94305419921875, 398.22833251953125],
117 [348.37847900390625, 397.1186828613281],
118 [382.33270263671875, 395.9360046386719],
119 [415.64166259765625, 394.6220703125],
120 [448.4864501953125, 393.4391174316406],
121 [480.5321350097656, 392.1617126464844],
122 [511.9752502441406, 390.82843017578125],
123 [542.7621459960938, 389.5685729980469],
124 [572.7616577148438, 388.3914794921875],
125 [602.1266479492188, 386.91961669921875],
126 [172.4109344482422, 438.22344970703125],
127 [208.1228790283203, 437.0602722167969],
128 [243.62942504882812, 435.9123229980469],
129 [278.7025146484375, 434.6604309082031],
130 [313.43963623046875, 433.4067687988281],
131 [347.6354064941406, 432.02239990234375],
132 [381.40423583984375, 430.4925842285156],
133 [414.5689697265625, 428.9087829589844],
134 [447.2744445800781, 427.4732360839844],
135 [479.18719482421875, 426.0228576660156],
136 [510.4745788574219, 424.3106994628906],
137 [541.1209106445312, 422.62567138671875],
138 [571.0112915039062, 421.0548400878906],
139 [600.2781982421875, 419.3528747558594],
