0 [206.47666931152344, 49.287635803222656],1 [225.63812255859375, 56.95664596557617],
2 [245.66387939453125, 64.83824157714844],
3 [266.5601501464844, 73.27005767822266],
4 [288.2978820800781, 81.85220336914062],
5 [310.863037109375, 90.99313354492188],
6 [334.4534912109375, 100.51276397705078],
7 [358.9880065917969, 110.54630279541016],
8 [384.5396728515625, 121.02411651611328],
9 [411.0964050292969, 131.94845581054688],
10 [438.7127380371094, 143.47531127929688],
11 [467.5101013183594, 155.3499755859375],
12 [497.3841247558594, 167.89321899414062],
13 [528.3784790039062, 180.90281677246094],
14 [205.55384826660156, 79.67970275878906],
15 [224.53932189941406, 87.6572494506836],
16 [244.39894104003906, 96.21016693115234],
17 [265.12567138671875, 105.08833312988281],
18 [286.56854248046875, 114.41072082519531],
19 [308.8097229003906, 123.924560546875],
20 [332.17718505859375, 134.1431427001953],
21 [356.3916320800781, 144.61224365234375],
22 [381.5330505371094, 155.671142578125],
23 [407.75823974609375, 167.20947265625],
24 [435.0622863769531, 179.2869873046875],
25 [463.27532958984375, 191.83351135253906],
26 [492.6466979980469, 204.94273376464844],
27 [522.9508056640625, 218.55712890625],
28 [204.58502197265625, 109.39775085449219],
29 [223.4710693359375, 118.16497039794922],
30 [243.26690673828125, 127.20362091064453],
31 [263.58538818359375, 136.5236053466797],
32 [284.8000183105469, 146.1834716796875],
33 [306.9283447265625, 156.50782775878906],
34 [329.89031982421875, 167.12918090820312],
35 [353.74090576171875, 178.26150512695312],
36 [378.5981750488281, 189.70774841308594],
37 [404.4416198730469, 201.81378173828125],
38 [431.2864685058594, 214.3983917236328],
39 [459.13360595703125, 227.4818115234375],
40 [487.9092102050781, 241.14894104003906],
41 [517.837890625, 255.2270965576172],
42 [203.76141357421875, 138.74929809570312],
43 [222.4894256591797, 147.82215881347656],
44 [242.0001220703125, 157.47030639648438],
45 [262.12921142578125, 167.30410766601562],
46 [283.1472473144531, 177.62576293945312],
47 [305.04071044921875, 188.29443359375],
48 [327.6430358886719, 199.44444274902344],
49 [351.203857421875, 210.95254516601562],
50 [375.7730407714844, 223.15879821777344],
51 [401.26446533203125, 235.61309814453125],
52 [427.5258483886719, 248.6533966064453],
53 [454.9226379394531, 262.3005065917969],
54 [483.2950744628906, 276.3883056640625],
55 [512.5836181640625, 291.0483703613281],
56 [203.01345825195312, 167.53866577148438],
57 [221.6205291748047, 177.31649780273438],
58 [240.8502655029297, 187.2030487060547],
59 [260.7899169921875, 197.4866180419922],
60 [281.5943908691406, 208.2093048095703],
61 [303.1915283203125, 219.45518493652344],
62 [325.5504455566406, 231.01025390625],
63 [348.7436218261719, 243.15533447265625],
64 [372.9161682128906, 255.59832763671875],
65 [397.9397888183594, 268.5712585449219],
66 [423.9158935546875, 282.1071472167969],
67 [450.8143615722656, 296.0771789550781],
68 [478.6275329589844, 310.6211853027344],
69 [507.4612731933594, 325.62548828125],
70 [202.45770263671875, 196.0669403076172],
71 [220.74208068847656, 205.94204711914062],
72 [239.80055236816406, 216.36985778808594],
73 [259.62506103515625, 227.11883544921875],
74 [280.20672607421875, 238.33096313476562],
75 [301.4295959472656, 249.82362365722656],
76 [323.4828796386719, 261.87158203125],
77 [346.4418640136719, 274.3894958496094],
78 [370.222412109375, 287.35748291015625],
79 [394.86053466796875, 300.6614990234375],
80 [420.41717529296875, 314.60760498046875],
81 [446.77398681640625, 329.04083251953125],
82 [474.13507080078125, 343.7950134277344],
83 [502.4800109863281, 359.3007507324219],
84 [201.88955688476562, 223.696533203125],
85 [220.130615234375, 234.22727966308594],
86 [238.8421173095703, 244.774658203125],
87 [258.5250549316406, 256.0683898925781],
88 [278.7379150390625, 267.5571594238281],
89 [299.71527099609375, 279.5721740722656],
90 [321.53643798828125, 291.91131591796875],
91 [344.1686096191406, 304.8240051269531],
92 [367.51129150390625, 318.09814453125],
93 [391.8335266113281, 331.9293212890625],
94 [416.9954528808594, 346.25567626953125],
95 [443.0694580078125, 361.00921630859375],
96 [469.95379638671875, 376.2228698730469],
97 [497.5936584472656, 391.76654052734375],
98 [201.41445922851562, 250.97549438476562],
99 [219.42239379882812, 261.64434814453125],
100 [238.0634765625, 272.8726501464844],
101 [257.4043273925781, 284.3031005859375],
102 [277.4441223144531, 296.2359313964844],
103 [298.2028503417969, 308.4770812988281],
104 [319.6191101074219, 321.343505859375],
105 [341.95098876953125, 334.4798583984375],
106 [364.9192810058594, 348.20220947265625],
107 [388.9961242675781, 362.3291931152344],
108 [413.6943359375, 376.9009704589844],
109 [439.20758056640625, 391.86749267578125],
110 [465.6300964355469, 407.3583984375],
111 [492.9399108886719, 423.4106750488281],
112 [201.02005004882812, 277.54473876953125],
113 [218.74075317382812, 288.61138916015625],
114 [237.35398864746094, 300.1484069824219],
115 [256.3552551269531, 311.90814208984375],
116 [276.25274658203125, 324.20208740234375],
117 [296.6846923828125, 336.78643798828125],
118 [317.8750305175781, 349.7873840332031],
119 [339.7525329589844, 363.3655700683594],
120 [362.5764465332031, 377.2856140136719],
121 [386.09796142578125, 391.7815246582031],
122 [410.4139709472656, 406.52203369140625],
123 [435.5160827636719, 421.7674560546875],
124 [461.4858093261719, 437.5587463378906],
125 [488.2375793457031, 453.7607116699219],
126 [200.67581176757812, 303.56982421875],
127 [218.3192901611328, 315.03094482421875],
128 [236.49183654785156, 326.65087890625],
129 [255.522216796875, 338.85345458984375],
130 [274.9022216796875, 351.3424072265625],
131 [295.2261962890625, 364.23712158203125],
132 [316.0521240234375, 377.52606201171875],
133 [337.71942138671875, 391.3154602050781],
134 [360.08770751953125, 405.5370178222656],
135 [383.3064880371094, 420.1108703613281],
136 [407.2254333496094, 435.2857971191406],
137 [431.87158203125, 450.74188232421875],
138 [457.3501892089844, 466.6799621582031],
139 [483.55645751953125, 483.1330871582031],
