0 [123.12080383300781, 132.9268341064453],1 [160.8168182373047, 132.3072509765625],
2 [199.0166015625, 131.53726196289062],
3 [237.61180114746094, 130.8711700439453],
4 [276.584228515625, 130.2898712158203],
5 [315.73583984375, 129.6692657470703],
6 [355.2217102050781, 129.1337890625],
7 [394.65155029296875, 128.69479370117188],
8 [434.2345886230469, 128.39242553710938],
9 [473.56683349609375, 128.06784057617188],
10 [512.8158569335938, 127.82866668701172],
11 [551.6713256835938, 127.61841583251953],
12 [590.3082275390625, 127.4920425415039],
13 [628.2313842773438, 127.40552520751953],
14 [130.02867126464844, 157.8687286376953],
15 [166.75616455078125, 157.1292266845703],
16 [204.0482177734375, 156.5967254638672],
17 [241.66812133789062, 156.05247497558594],
18 [279.7094421386719, 155.46234130859375],
19 [317.8488464355469, 154.9632568359375],
20 [356.3037109375, 154.53465270996094],
21 [394.74700927734375, 154.14488220214844],
22 [433.2034606933594, 153.73818969726562],
23 [471.560302734375, 153.35009765625],
24 [509.75738525390625, 153.1030731201172],
25 [547.7313842773438, 152.87197875976562],
26 [585.2980346679688, 152.6456298828125],
27 [622.3430786132812, 152.5372314453125],
28 [136.61643981933594, 181.45887756347656],
29 [172.44830322265625, 181.06964111328125],
30 [208.7938995361328, 180.53953552246094],
31 [245.59510803222656, 180.0711669921875],
32 [282.6216125488281, 179.61724853515625],
33 [319.8540954589844, 179.1883544921875],
34 [357.3206787109375, 178.75343322753906],
35 [394.70599365234375, 178.42945861816406],
36 [432.2455139160156, 177.9917755126953],
37 [469.648193359375, 177.6126708984375],
38 [506.9067077636719, 177.2937774658203],
39 [543.8866577148438, 176.91146850585938],
40 [580.5457153320312, 176.7206268310547],
41 [616.6358032226562, 176.45318603515625],
42 [142.94471740722656, 204.1752471923828],
43 [178.04208374023438, 203.83499145507812],
44 [213.48757934570312, 203.44825744628906],
45 [249.35560607910156, 202.96591186523438],
46 [285.4807434082031, 202.66354370117188],
47 [321.76025390625, 202.31056213378906],
48 [358.26568603515625, 201.99359130859375],
49 [394.8160705566406, 201.54576110839844],
50 [431.36798095703125, 201.1759490966797],
51 [467.79754638671875, 200.74215698242188],
52 [504.164794921875, 200.41461181640625],
53 [540.2196044921875, 200.08245849609375],
54 [575.9568481445312, 199.68055725097656],
55 [611.2626342773438, 199.34255981445312],
56 [148.97640991210938, 225.69837951660156],
57 [183.2424774169922, 225.49839782714844],
58 [217.88473510742188, 225.12672424316406],
59 [252.9069061279297, 224.8473358154297],
60 [288.1439514160156, 224.5477294921875],
61 [323.626708984375, 224.28952026367188],
62 [359.1562194824219, 223.92703247070312],
63 [394.7879943847656, 223.5750732421875],
64 [430.3570251464844, 223.19021606445312],
65 [465.96600341796875, 222.7671661376953],
66 [501.4018249511719, 222.41236877441406],
67 [536.5228881835938, 222.01710510253906],
68 [571.4481201171875, 221.63037109375],
69 [605.9563598632812, 221.12721252441406],
70 [154.85214233398438, 246.4476318359375],
71 [188.35585021972656, 246.29188537597656],
72 [222.16302490234375, 246.1007537841797],
73 [256.3731689453125, 245.74697875976562],
74 [290.7186584472656, 245.47579956054688],
75 [325.4106140136719, 245.18316650390625],
76 [360.0836181640625, 244.88873291015625],
77 [394.8162841796875, 244.6015625],
78 [429.5472717285156, 244.30491638183594],
79 [464.3380126953125, 243.89149475097656],
80 [498.79791259765625, 243.4208221435547],
81 [533.2456665039062, 242.94479370117188],
82 [567.2398071289062, 242.50022888183594],
83 [600.9608154296875, 242.14605712890625],
84 [160.4765167236328, 266.20330810546875],
85 [193.2027587890625, 266.0770568847656],
86 [226.30990600585938, 265.8310852050781],
87 [259.6220703125, 265.6972961425781],
88 [293.29718017578125, 265.397216796875],
89 [327.0577697753906, 265.2021789550781],
90 [360.8827209472656, 264.88037109375],
91 [394.87713623046875, 264.61126708984375],
92 [428.768310546875, 264.2760009765625],
93 [462.6805419921875, 263.9110107421875],
94 [496.4700012207031, 263.4665222167969],
95 [530.036376953125, 262.94403076171875],
96 [563.295166015625, 262.5270690917969],
97 [596.25341796875, 262.0513916015625],
98 [165.80271911621094, 284.9398193359375],
99 [197.80125427246094, 284.9093933105469],
100 [230.187255859375, 284.81512451171875],
101 [262.767578125, 284.6086730957031],
102 [295.6390380859375, 284.525634765625],
103 [328.6539001464844, 284.32696533203125],
104 [361.69512939453125, 284.09796142578125],
105 [394.8865966796875, 283.76251220703125],
106 [428.03851318359375, 283.3963623046875],
107 [461.1462097167969, 283.0490417480469],
108 [494.0965576171875, 282.547607421875],
109 [526.8049926757812, 282.1859436035156],
110 [559.465576171875, 281.5892028808594],
111 [591.596923828125, 281.06884765625],
112 [171.0430450439453, 302.9783935546875],
113 [202.32965087890625, 303.0573425292969],
114 [233.95494079589844, 302.84228515625],
115 [265.8271789550781, 302.80352783203125],
116 [297.9829406738281, 302.6351318359375],
117 [330.2223205566406, 302.50634765625],
118 [362.52484130859375, 302.2942810058594],
119 [394.878662109375, 302.07122802734375],
120 [427.326171875, 301.6190185546875],
121 [459.69036865234375, 301.2660827636719],
122 [491.8172607421875, 300.7825622558594],
123 [523.8347778320312, 300.36248779296875],
124 [555.66845703125, 299.81170654296875],
125 [587.2299194335938, 299.2335510253906],
126 [175.96902465820312, 320.2831726074219],
127 [206.65866088867188, 320.37091064453125],
128 [237.68423461914062, 320.3667297363281],
129 [268.81060791015625, 320.1867370605469],
130 [300.13720703125, 320.14093017578125],
131 [331.6285705566406, 319.919921875],
132 [363.2846374511719, 319.7306823730469],
133 [394.9630126953125, 319.45001220703125],
134 [426.59906005859375, 319.1445617675781],
135 [458.21728515625, 318.72491455078125],
136 [489.62579345703125, 318.32196044921875],
137 [520.9280395507812, 317.7927551269531],
138 [552.1184692382812, 317.24395751953125],
139 [582.8507080078125, 316.6605224609375],
