0 [168.8948516845703, 89.15745544433594],1 [191.21353149414062, 92.02001953125],
2 [214.3315887451172, 94.77721405029297],
3 [238.28660583496094, 97.87084197998047],
4 [263.11260986328125, 101.04473876953125],
5 [288.80474853515625, 104.36024475097656],
6 [315.56610107421875, 107.76558685302734],
7 [343.33843994140625, 111.51644134521484],
8 [371.9893493652344, 115.47573852539062],
9 [401.66314697265625, 119.60965728759766],
10 [432.36334228515625, 123.81410217285156],
11 [464.10736083984375, 128.4805145263672],
12 [496.8480529785156, 133.3029022216797],
13 [530.5690307617188, 138.27891540527344],
14 [171.6140899658203, 119.6884765625],
15 [193.78134155273438, 122.93377685546875],
16 [216.7416534423828, 126.36734008789062],
17 [240.60614013671875, 129.79115295410156],
18 [265.39678955078125, 133.57862854003906],
19 [290.92633056640625, 137.46177673339844],
20 [317.4665222167969, 141.5402069091797],
21 [344.9460144042969, 145.69508361816406],
22 [373.4175720214844, 150.2635955810547],
23 [402.8082580566406, 154.95201110839844],
24 [433.3076477050781, 159.83543395996094],
25 [464.7059020996094, 164.99900817871094],
26 [497.1500244140625, 170.3299102783203],
27 [530.4785766601562, 175.90277099609375],
28 [174.37440490722656, 149.66976928710938],
29 [196.39614868164062, 153.58926391601562],
30 [219.3315887451172, 157.42298889160156],
31 [243.00775146484375, 161.5314178466797],
32 [267.53692626953125, 165.69053649902344],
33 [292.95318603515625, 170.2074737548828],
34 [319.3184814453125, 174.7451171875],
35 [346.5912780761719, 179.57843017578125],
36 [374.7464294433594, 184.54306030273438],
37 [403.9522705078125, 189.78465270996094],
38 [434.1001892089844, 195.22845458984375],
39 [465.2275695800781, 200.7589874267578],
40 [497.3060302734375, 206.75572204589844],
41 [530.302978515625, 212.8058319091797],
42 [177.13502502441406, 179.59713745117188],
43 [199.09986877441406, 183.71812438964844],
44 [221.8040771484375, 188.18618774414062],
45 [245.34426879882812, 192.6829833984375],
46 [269.7475891113281, 197.47113037109375],
47 [295.02752685546875, 202.3373260498047],
48 [321.1406555175781, 207.49505615234375],
49 [348.1713562011719, 212.7704315185547],
50 [376.1658935546875, 218.33786010742188],
51 [404.94036865234375, 223.98928833007812],
52 [434.8839416503906, 229.92857360839844],
53 [465.6247253417969, 236.17901611328125],
54 [497.3922119140625, 242.53286743164062],
55 [529.9637451171875, 249.24168395996094],
56 [179.9120330810547, 208.7729034423828],
57 [201.7881317138672, 213.55990600585938],
58 [224.359375, 218.34744262695312],
59 [247.72116088867188, 223.4012908935547],
60 [271.9888916015625, 228.5637969970703],
61 [297.0245056152344, 234.02952575683594],
62 [322.9693298339844, 239.6186981201172],
63 [349.7675476074219, 245.42958068847656],
64 [377.40093994140625, 251.3790740966797],
65 [406.0493469238281, 257.61236572265625],
66 [435.5284118652344, 264.01971435546875],
67 [465.9853515625, 270.6076354980469],
68 [497.3415832519531, 277.5682067871094],
69 [529.5557250976562, 284.57928466796875],
70 [182.73748779296875, 237.72103881835938],
71 [204.5128631591797, 242.7493438720703],
72 [226.9320068359375, 248.1527557373047],
73 [250.22842407226562, 253.54052734375],
74 [274.24951171875, 259.24591064453125],
75 [299.1022033691406, 265.1246337890625],
76 [324.7384033203125, 271.1527404785156],
77 [351.33734130859375, 277.3813781738281],
78 [378.6744079589844, 283.8257751464844],
79 [407.029296875, 290.4900817871094],
80 [436.2873840332031, 297.3738098144531],
81 [466.3387451171875, 304.4739685058594],
82 [497.3119812011719, 311.7095947265625],
83 [529.1536865234375, 319.3551025390625],
84 [185.6996307373047, 266.0058288574219],
85 [207.2132568359375, 271.6175231933594],
86 [229.60867309570312, 277.2191162109375],
87 [252.65611267089844, 283.1935729980469],
88 [276.5152893066406, 289.2303466796875],
89 [301.19219970703125, 295.52459716796875],
90 [326.6146545410156, 301.9521179199219],
91 [352.9042663574219, 308.67938232421875],
92 [380.07049560546875, 315.50048828125],
93 [408.0262756347656, 322.6149597167969],
94 [436.90521240234375, 329.8649597167969],
95 [466.6762390136719, 337.4534912109375],
96 [497.3145446777344, 345.2469787597656],
97 [528.6928100585938, 353.065185546875],
98 [188.5927276611328, 293.877685546875],
99 [210.05307006835938, 299.74176025390625],
100 [232.1293487548828, 305.8891906738281],
101 [255.06072998046875, 312.0605773925781],
102 [278.6987609863281, 318.6532287597656],
103 [303.14593505859375, 325.2735900878906],
104 [328.408203125, 332.2250671386719],
105 [354.4603271484375, 339.25897216796875],
106 [381.32855224609375, 346.550537109375],
107 [409.0734558105469, 354.01812744140625],
108 [437.5834045410156, 361.6913757324219],
109 [466.9515075683594, 369.5722961425781],
110 [497.20648193359375, 377.61224365234375],
111 [528.2445068359375, 385.83856201171875],
112 [191.5117645263672, 321.0978698730469],
113 [212.73838806152344, 327.4909362792969],
114 [234.70016479492188, 333.8577575683594],
115 [257.49200439453125, 340.65655517578125],
116 [280.97393798828125, 347.37451171875],
117 [305.2326965332031, 354.4918212890625],
118 [330.227783203125, 361.6040344238281],
119 [355.89654541015625, 369.09173583984375],
120 [382.5561828613281, 376.7772521972656],
121 [409.9577941894531, 384.56982421875],
122 [438.2115478515625, 392.64703369140625],
123 [467.1817321777344, 400.78643798828125],
124 [497.06634521484375, 409.3187561035156],
125 [527.5897827148438, 417.7613525390625],
126 [194.3741912841797, 347.98675537109375],
127 [215.52447509765625, 354.4687805175781],
128 [237.38710021972656, 361.39129638671875],
129 [259.936767578125, 368.3304138183594],
130 [283.1694030761719, 375.5396728515625],
131 [307.2108459472656, 382.838134765625],
132 [331.857177734375, 390.4179992675781],
133 [357.41705322265625, 398.0595703125],
134 [383.6600036621094, 406.13336181640625],
135 [410.755126953125, 414.3017272949219],
136 [438.6298522949219, 422.6056823730469],
137 [467.3262939453125, 431.2612609863281],
138 [496.6586608886719, 439.8733825683594],
139 [526.8538818359375, 448.791748046875],
