0 [230.4036865234375, 110.07166290283203],1 [263.7420654296875, 107.73460388183594],
2 [295.9419860839844, 105.55751037597656],
3 [326.9037780761719, 103.558837890625],
4 [356.7082824707031, 101.64754486083984],
5 [385.36822509765625, 99.92694091796875],
6 [412.8984680175781, 98.38545989990234],
7 [439.4089050292969, 96.75347137451172],
8 [464.7547302246094, 95.50263977050781],
9 [489.2777404785156, 94.30274963378906],
10 [512.7744750976562, 92.9564437866211],
11 [535.3430786132812, 92.09712219238281],
12 [557.0391845703125, 90.90802764892578],
13 [577.9017944335938, 90.1463851928711],
14 [232.165283203125, 150.83050537109375],
15 [265.3180847167969, 147.74588012695312],
16 [297.3355407714844, 144.8104248046875],
17 [328.20843505859375, 142.07229614257812],
18 [357.91070556640625, 139.4114990234375],
19 [386.4599304199219, 136.80296325683594],
20 [413.9187316894531, 134.57945251464844],
21 [440.32061767578125, 132.3694610595703],
22 [465.677490234375, 130.2476348876953],
23 [490.04339599609375, 128.4274444580078],
24 [513.4718627929688, 126.55079650878906],
25 [536.01708984375, 124.77287292480469],
26 [557.5792846679688, 123.35897064208984],
27 [578.3934936523438, 121.82772827148438],
28 [233.89585876464844, 191.59877014160156],
29 [267.02294921875, 187.7259979248047],
30 [298.888671875, 183.9222412109375],
31 [329.54437255859375, 180.41827392578125],
32 [359.1337890625, 176.97146606445312],
33 [387.51397705078125, 173.79812622070312],
34 [414.92706298828125, 170.7373504638672],
35 [441.1583251953125, 167.81216430664062],
36 [466.45172119140625, 164.96343994140625],
37 [490.7108459472656, 162.5567169189453],
38 [514.0015869140625, 160.2044219970703],
39 [536.4996337890625, 157.6800994873047],
40 [558.1290283203125, 155.47996520996094],
41 [578.7295532226562, 153.41456604003906],
42 [235.8623809814453, 232.206787109375],
43 [268.6766052246094, 227.45660400390625],
44 [300.35919189453125, 222.9166259765625],
45 [330.9705505371094, 218.614013671875],
46 [360.3818054199219, 214.48667907714844],
47 [388.6064453125, 210.58164978027344],
48 [415.8294372558594, 206.88717651367188],
49 [442.0826110839844, 203.26455688476562],
50 [467.16156005859375, 199.73004150390625],
51 [491.4265441894531, 196.50851440429688],
52 [514.6209106445312, 193.4141082763672],
53 [537.0464477539062, 190.4521026611328],
54 [558.4635620117188, 187.60484313964844],
55 [579.089599609375, 184.82342529296875],
56 [237.86456298828125, 272.24090576171875],
57 [270.47454833984375, 266.79107666015625],
58 [301.95782470703125, 261.5128479003906],
59 [332.3177185058594, 256.52508544921875],
60 [361.5560302734375, 251.66114807128906],
61 [389.6883850097656, 247.0955810546875],
62 [416.7400817871094, 242.6098175048828],
63 [442.8018493652344, 238.36058044433594],
64 [467.9159851074219, 234.3380584716797],
65 [491.9551086425781, 230.32737731933594],
66 [515.12353515625, 226.58978271484375],
67 [537.3563232421875, 223.0368194580078],
68 [558.7450561523438, 219.5801239013672],
69 [579.356689453125, 216.28720092773438],
70 [239.9666748046875, 311.86981201171875],
71 [272.36248779296875, 305.68768310546875],
72 [303.6316223144531, 299.7550354003906],
73 [333.7086486816406, 294.0629577636719],
74 [362.8470458984375, 288.5247497558594],
75 [390.807861328125, 283.2149658203125],
76 [417.756591796875, 278.0818176269531],
77 [443.62774658203125, 273.24859619140625],
78 [468.52581787109375, 268.44720458984375],
79 [492.51409912109375, 263.9465637207031],
80 [515.5106811523438, 259.5313720703125],
81 [537.7196044921875, 255.43276977539062],
82 [558.9368896484375, 251.3593292236328],
83 [579.4944458007812, 247.47117614746094],
84 [242.09959411621094, 351.00238037109375],
85 [274.2771301269531, 344.1949157714844],
86 [305.36346435546875, 337.45782470703125],
87 [335.2666320800781, 331.1500549316406],
88 [364.1005859375, 324.887939453125],
89 [391.78607177734375, 318.9354553222656],
90 [418.61004638671875, 313.1527099609375],
91 [444.4000549316406, 307.60833740234375],
92 [469.1365966796875, 302.2994384765625],
93 [492.9994201660156, 297.0967102050781],
94 [515.8310546875, 292.23504638671875],
95 [537.96435546875, 287.4079895019531],
96 [559.1954345703125, 282.81219482421875],
97 [579.5592651367188, 278.3614196777344],
98 [244.42779541015625, 389.4389343261719],
99 [276.2806091308594, 381.9440002441406],
100 [306.9759216308594, 374.6974182128906],
101 [336.6783142089844, 367.60980224609375],
102 [365.34954833984375, 360.75030517578125],
103 [392.9388427734375, 354.2053527832031],
104 [419.46038818359375, 347.7796630859375],
105 [445.0578918457031, 341.633056640625],
106 [469.7102966308594, 335.705810546875],
107 [493.41241455078125, 329.98223876953125],
108 [516.236083984375, 324.4114685058594],
109 [538.1627807617188, 319.1511535644531],
110 [559.2880249023438, 313.8707275390625],
111 [579.553955078125, 308.9730529785156],
112 [246.6837921142578, 427.301025390625],
113 [278.3031921386719, 419.23040771484375],
114 [308.7349853515625, 411.3006286621094],
115 [338.1922302246094, 403.57232666015625],
116 [366.6350402832031, 396.16058349609375],
117 [393.8577575683594, 388.9913330078125],
118 [420.3778381347656, 381.98028564453125],
119 [445.704833984375, 375.2648620605469],
120 [470.29290771484375, 368.61065673828125],
121 [493.760009765625, 362.36785888671875],
122 [516.5083618164062, 356.33612060546875],
123 [538.2680053710938, 350.35406494140625],
124 [559.292724609375, 344.6799011230469],
125 [579.4442138671875, 339.2583923339844],
126 [249.12803649902344, 464.35919189453125],
127 [280.3653564453125, 455.59344482421875],
128 [310.5195007324219, 447.2047119140625],
129 [339.6221923828125, 438.85784912109375],
130 [367.8165283203125, 430.8191223144531],
131 [395.0230712890625, 423.02996826171875],
132 [421.22576904296875, 415.47247314453125],
133 [446.48486328125, 408.1695251464844],
134 [470.70294189453125, 401.1219177246094],
135 [494.0978698730469, 394.274658203125],
136 [516.6019897460938, 387.6104736328125],
137 [538.25439453125, 381.2608642578125],
138 [559.18212890625, 375.0679931640625],
139 [579.2831420898438, 369.07977294921875],
