0 [252.34625244140625, 114.34593200683594],1 [283.1394958496094, 111.15904998779297],
2 [312.4659118652344, 108.15503692626953],
3 [340.64691162109375, 105.29822540283203],
4 [367.4859313964844, 102.6760482788086],
5 [393.2369384765625, 100.2852783203125],
6 [417.74517822265625, 98.09142303466797],
7 [441.3015441894531, 95.77167510986328],
8 [463.7214660644531, 93.87501525878906],
9 [485.187255859375, 92.01083374023438],
10 [505.7628479003906, 90.39332580566406],
11 [525.493408203125, 88.55497741699219],
12 [544.4979248046875, 86.89484405517578],
13 [562.5717163085938, 85.68095397949219],
14 [253.92027282714844, 155.81553649902344],
15 [284.554443359375, 151.62860107421875],
16 [313.75347900390625, 147.74171447753906],
17 [341.79443359375, 144.06288146972656],
18 [368.53155517578125, 140.54933166503906],
19 [394.0886535644531, 137.20225524902344],
20 [418.5669860839844, 134.10018920898438],
21 [441.8956298828125, 131.11041259765625],
22 [464.4106750488281, 128.40371704101562],
23 [485.8199462890625, 125.86109161376953],
24 [506.394287109375, 123.40413665771484],
25 [525.9210815429688, 120.90753936767578],
26 [544.814453125, 118.93890380859375],
27 [562.7744750976562, 116.6095962524414],
28 [255.68157958984375, 197.08827209472656],
29 [286.13226318359375, 191.94674682617188],
30 [315.143310546875, 187.15859985351562],
31 [342.955810546875, 182.55960083007812],
32 [369.5545959472656, 178.29977416992188],
33 [395.0422058105469, 174.08616638183594],
34 [419.3694152832031, 170.3022003173828],
35 [442.60150146484375, 166.52650451660156],
36 [464.8740234375, 162.84739685058594],
37 [486.2919921875, 159.56658935546875],
38 [506.69866943359375, 156.44723510742188],
39 [526.3624267578125, 153.41250610351562],
40 [545.1881103515625, 150.55735778808594],
41 [562.9840698242188, 147.8157196044922],
42 [257.58154296875, 238.1163787841797],
43 [287.737060546875, 232.019775390625],
44 [316.5470886230469, 226.34129333496094],
45 [344.2822265625, 220.8504180908203],
46 [370.7160949707031, 215.66317749023438],
47 [395.9134521484375, 210.7069549560547],
48 [420.2179870605469, 206.03292846679688],
49 [443.3987121582031, 201.55641174316406],
50 [465.5268859863281, 197.3214111328125],
51 [486.823974609375, 193.28585815429688],
52 [507.2035827636719, 189.39820861816406],
53 [526.64111328125, 185.62513732910156],
54 [545.3544921875, 182.10708618164062],
55 [563.214599609375, 178.86268615722656],
56 [259.4962158203125, 278.4356384277344],
57 [289.4214172363281, 271.545654296875],
58 [318.02728271484375, 265.0254211425781],
59 [345.44744873046875, 258.7406005859375],
60 [371.6750793457031, 252.7675323486328],
61 [396.85595703125, 247.01571655273438],
62 [420.9263610839844, 241.58457946777344],
63 [444.0251770019531, 236.3570098876953],
64 [466.0783386230469, 231.39764404296875],
65 [487.150634765625, 226.55084228515625],
66 [507.3755187988281, 221.99722290039062],
67 [526.7420654296875, 217.6774139404297],
68 [545.3970336914062, 213.6281280517578],
69 [563.2431030273438, 209.601318359375],
70 [261.4840393066406, 318.3855895996094],
71 [291.0741882324219, 310.6322326660156],
72 [319.52435302734375, 303.2762451171875],
73 [346.68414306640625, 296.2315368652344],
74 [372.7577819824219, 289.40380859375],
75 [397.69342041015625, 282.9366760253906],
76 [421.6345520019531, 276.7561340332031],
77 [444.5504455566406, 270.8369445800781],
78 [466.5000305175781, 265.18011474609375],
79 [487.4922180175781, 259.64642333984375],
80 [507.5659484863281, 254.49114990234375],
81 [527.0078125, 249.4722442626953],
82 [545.4757690429688, 244.6583251953125],
83 [563.27490234375, 240.10964965820312],
84 [263.58538818359375, 357.5389709472656],
85 [292.85040283203125, 349.1224060058594],
86 [320.92138671875, 340.8658752441406],
87 [347.942626953125, 333.12939453125],
88 [373.7547302246094, 325.5774841308594],
89 [398.55859375, 318.4066467285156],
90 [422.3546142578125, 311.4786376953125],
91 [445.14129638671875, 304.8291931152344],
92 [466.8471374511719, 298.4915466308594],
93 [487.7698059082031, 292.3614807128906],
94 [507.7798767089844, 286.5468444824219],
95 [527.0542602539062, 280.9404296875],
96 [545.5098876953125, 275.5739440917969],
97 [563.1627807617188, 270.37628173828125],
98 [265.6163024902344, 396.11090087890625],
99 [294.634033203125, 386.8412780761719],
100 [322.4649658203125, 377.9578552246094],
101 [349.25750732421875, 369.4242248535156],
102 [374.8559265136719, 361.2557678222656],
103 [399.431884765625, 353.29058837890625],
104 [423.07928466796875, 345.6317138671875],
105 [445.648681640625, 338.44000244140625],
106 [467.2494201660156, 331.4100341796875],
107 [488.0491943359375, 324.6358947753906],
108 [507.9685363769531, 318.15924072265625],
109 [527.1426391601562, 312.08905029296875],
110 [545.4480590820312, 305.93341064453125],
111 [562.9071044921875, 300.3868103027344],
112 [267.7644348144531, 433.78076171875],
113 [296.46484375, 423.8985900878906],
114 [324.079345703125, 414.27484130859375],
115 [350.5238342285156, 405.15008544921875],
116 [375.9447326660156, 396.32073974609375],
117 [400.316162109375, 387.5915832519531],
118 [423.669189453125, 379.4226379394531],
119 [446.2070007324219, 371.3932189941406],
120 [467.614990234375, 363.8028869628906],
121 [488.3672180175781, 356.4107360839844],
122 [508.01983642578125, 349.4344787597656],
123 [526.9996948242188, 342.65631103515625],
124 [545.2559204101562, 336.13525390625],
125 [562.7213134765625, 329.8377990722656],
126 [269.9079895019531, 470.7169494628906],
127 [298.3934020996094, 460.11456298828125],
128 [325.65130615234375, 449.8164367675781],
129 [351.8382263183594, 439.9512023925781],
130 [377.06231689453125, 430.4358215332031],
131 [401.22027587890625, 421.29046630859375],
132 [424.3451843261719, 412.337158203125],
133 [446.6406555175781, 403.7439270019531],
134 [467.88946533203125, 395.6158142089844],
135 [488.4256896972656, 387.674072265625],
136 [508.0245361328125, 380.1965637207031],
137 [526.9671630859375, 372.83197021484375],
138 [545.0730590820312, 365.7254333496094],
139 [562.4786376953125, 359.10455322265625],
